0 0 0.9999998807907104
0 0 0.9999994039535522
1 1 0.9999979734420776
0 0 1.0
0 0 0.9999997615814209
1 1 0.9999994039535522
0 0 1.0
0 0 1.0
1 1 0.9999959468841553
0 0 1.0
1 1 0.9999954700469971
1 1 0.9999964237213135
0 0 0.9999998807907104
1 1 0.999996542930603
0 0 1.0
1 1 0.9999980926513672
1 1 0.9999979734420776
1 1 0.9999957084655762
1 1 0.9999942779541016
1 1 0.9930597543716431
0 0 0.9999856948852539
1 1 0.9999953508377075
1 1 0.9999994039535522
1 1 0.9999977350234985
1 1 0.9999825954437256
1 1 0.9999995231628418
0 0 0.9999997615814209
1 1 0.9918488264083862
0 0 0.9999984502792358
1 1 0.9999972581863403
1 1 0.9999972581863403
0 0 0.9999988079071045
0 0 0.9999998807907104
1 1 0.9999963045120239
1 1 0.9999988079071045
0 0 1.0
1 1 0.9999991655349731
0 0 1.0
0 0 1.0
1 1 0.9999970197677612
0 0 0.999997615814209
0 0 1.0
1 1 0.9999889135360718
1 1 0.9999964237213135
0 0 0.999992847442627
1 1 0.9999920129776001
1 1 0.999996542930603
0 0 0.9999998807907104
0 0 1.0
1 1 0.9952855706214905
0 0 0.9999992847442627
0 0 1.0
1 1 0.9999940395355225
1 1 0.9999955892562866
0 0 1.0
1 1 0.9999961853027344
1 1 0.9999934434890747
0 0 1.0
0 0 0.9999997615814209
1 1 0.999996542930603
0 0 1.0
0 0 0.9999997615814209
0 0 1.0
0 0 1.0
1 1 0.9999902248382568
0 0 0.9999998807907104
1 1 0.9999973773956299
0 0 1.0
1 1 0.9999624490737915
0 0 1.0
0 0 0.9999995231628418
0 0 0.9999973773956299
1 1 0.9999972581863403
1 1 0.9999948740005493
0 0 1.0
1 1 0.9999943971633911
1 1 0.9999992847442627
0 0 0.9999983310699463
1 1 0.9999921321868896
0 0 1.0
0 0 0.9999994039535522
0 0 0.999932050704956
1 1 0.9999977350234985
0 0 1.0
1 1 0.9999964237213135
1 1 0.999715268611908
0 0 0.9999998807907104
1 1 0.9999961853027344
1 1 0.9999991655349731
0 0 1.0
0 0 0.9999992847442627
1 1 0.9999977350234985
1 1 0.9999969005584717
1 1 0.9999986886978149
0 0 0.9999996423721313
1 1 0.9999456405639648
0 0 1.0
1 1 0.9999966621398926
1 1 0.9999955892562866
1 1 0.9999963045120239
0 0 1.0
0 0 1.0
0 0 0.9999984502792358
1 1 0.9999974966049194
1 1 0.999993085861206
0 0 1.0
0 0 1.0
0 0 0.9999998807907104
1 1 0.9999974966049194
0 0 1.0
0 0 0.9999996423721313
0 0 0.9999998807907104
0 0 0.9999996423721313
0 0 1.0
0 0 0.9999998807907104
1 1 0.9999964237213135
1 1 0.9999982118606567
1 1 0.9999942779541016
1 1 0.9999988079071045
1 1 0.9999796152114868
0 0 0.9999990463256836
1 1 0.9999978542327881
1 1 0.9999997615814209
1 1 0.9999971389770508
0 0 0.9999985694885254
1 1 0.999985933303833
0 0 0.9999998807907104
0 0 1.0
0 0 0.9999998807907104
1 1 0.9999769926071167
1 1 0.9999977350234985
1 1 0.999998927116394
1 1 0.999993085861206
0 0 1.0
0 0 0.9999998807907104
1 1 0.9999982118606567
1 1 0.9999980926513672
0 0 0.9999998807907104
1 1 0.9999957084655762
0 0 1.0
0 0 1.0
1 1 0.9999984502792358
0 0 0.999997615814209
0 0 0.9999995231628418
1 1 0.9999903440475464
0 0 0.9999998807907104
1 1 0.9999980926513672
1 1 0.9999938011169434
0 0 1.0
1 1 0.9999967813491821
0 0 0.9999998807907104
0 0 0.9999996423721313
0 0 0.9999990463256836
1 1 0.9999833106994629
1 1 0.9999954700469971
0 0 0.9999994039535522
1 1 0.9999979734420776
1 1 0.9999994039535522
1 1 0.9999942779541016
1 1 0.9999984502792358
1 1 0.9999868869781494
1 1 0.9999701976776123
0 0 1.0
1 1 0.9999936819076538
1 1 0.9999960660934448
1 1 0.9999991655349731
1 1 0.9999970197677612
0 0 0.9999998807907104
0 0 0.9999992847442627
1 1 0.9987767338752747
1 1 0.9999946355819702
1 1 0.9999994039535522
0 0 1.0
1 1 0.9999939203262329
1 1 0.9999959468841553
0 0 0.9999994039535522
1 1 0.9999840259552002
0 0 1.0
1 1 0.9999988079071045
1 1 0.9999980926513672
0 0 0.9999998807907104
0 0 0.9999998807907104
0 0 1.0
0 0 0.9999998807907104
0 0 1.0
1 1 0.9999940395355225
1 1 0.9999988079071045
1 1 0.9999990463256836
0 0 1.0
1 1 0.9995312690734863
1 1 0.9999947547912598
1 1 0.9999979734420776
0 0 1.0
0 0 0.9999991655349731
0 0 0.9999998807907104
1 1 0.9999954700469971
0 0 1.0
0 0 0.9999998807907104
0 0 1.0
0 0 1.0
1 1 0.9999961853027344
0 0 1.0
0 0 0.9999998807907104
1 1 0.9999955892562866
0 0 1.0
1 1 0.9999942779541016
1 1 0.9999951124191284
1 1 0.9999982118606567
0 0 1.0
0 0 1.0
0 0 0.9999979734420776
0 0 0.9999997615814209
1 1 0.9999994039535522
1 1 0.999996542930603
1 1 0.9999967813491821
1 1 0.999997615814209
1 1 0.9999935626983643
0 0 0.9999790191650391
1 1 0.9999947547912598
1 1 0.999998927116394
0 0 0.9999998807907104
1 1 0.9999979734420776
1 1 0.9999985694885254
1 1 0.9999992847442627
1 1 0.9999523162841797
0 0 1.0
0 0 1.0
1 1 0.9999969005584717
0 0 0.9999998807907104
1 1 0.9999971389770508
0 0 0.9999998807907104
1 1 0.9999972581863403
1 1 0.9999980926513672
1 1 0.9999934434890747
1 1 0.9999947547912598
0 0 0.9999998807907104
0 0 1.0
0 0 1.0
0 0 0.9999995231628418
0 0 0.9767124056816101
0 0 1.0
0 0 0.9999998807907104
1 1 0.9999971389770508
1 1 0.9999969005584717
1 1 0.9999988079071045
1 1 0.9999955892562866
0 0 0.9999990463256836
1 1 0.9999972581863403
1 1 0.999996542930603
0 0 1.0
1 1 0.9999927282333374
1 1 0.9999972581863403
1 1 0.9999970197677612
0 0 1.0
0 0 0.9999997615814209
1 1 0.9999891519546509
0 0 0.9999998807907104
0 0 0.9999998807907104
0 0 0.9999997615814209
1 1 0.9999991655349731
0 0 0.9999945163726807
1 1 0.9999945163726807
1 1 0.9999990463256836
1 1 0.9999985694885254
1 1 0.9999967813491821
0 0 0.9999998807907104
1 1 0.9999797344207764
1 1 0.9972297549247742
0 0 1.0
0 0 0.9999998807907104
0 0 0.9999985694885254
1 1 0.9999953508377075
0 0 0.9999998807907104
0 0 0.9999994039535522
1 1 0.999997615814209
1 1 0.9999498128890991
0 0 0.9999891519546509
0 0 1.0
1 1 0.9999967813491821
0 0 1.0
0 0 0.9999998807907104
0 0 0.9999998807907104
0 0 1.0
1 1 0.9999974966049194
1 1 0.9999990463256836
1 1 0.9999756813049316
1 1 0.9999964237213135
0 0 1.0
0 0 0.999998927116394
0 0 0.9999996423721313
0 0 1.0
0 0 0.9999998807907104
0 0 0.9999997615814209
0 0 0.9999997615814209
1 1 0.9999949932098389
0 0 0.9999998807907104
0 0 1.0
0 0 1.0
1 1 0.9999958276748657
1 1 0.9999972581863403
1 1 0.9999908208847046
1 1 0.999992847442627
0 0 1.0
1 1 0.9615176916122437
1 1 0.9999940395355225
1 1 0.9999992847442627
0 0 0.9999992847442627
0 0 0.9999997615814209
0 0 1.0
0 0 1.0
0 0 0.9999996423721313
1 1 0.9999978542327881
0 0 0.9999994039535522
1 1 0.9999958276748657
1 1 0.9999967813491821
1 1 0.9999977350234985
1 1 0.9999992847442627
0 0 1.0
0 0 1.0
1 1 0.9999974966049194
0 0 1.0
0 0 0.9999997615814209
0 0 0.9999992847442627
1 1 0.9999961853027344
1 1 0.9999984502792358
1 1 0.9999995231628418
1 1 0.999995231628418
1 1 0.9999771118164062
1 1 0.9999668598175049
0 0 1.0
1 1 0.9999982118606567
0 0 1.0
0 0 0.9999997615814209
0 0 1.0
0 0 0.9999998807907104
0 0 0.9999996423721313
1 1 0.9999942779541016
1 1 0.9999903440475464
0 0 1.0
0 0 1.0
0 0 1.0
1 1 0.9999933242797852
0 0 0.9999988079071045
0 0 0.9999949932098389
1 1 0.9999990463256836
1 1 0.9999969005584717
0 0 0.9999998807907104
0 0 0.9999998807907104
1 1 0.9999973773956299
1 1 0.9999980926513672
1 1 0.999996542930603
0 0 1.0
1 1 0.9999979734420776
0 0 1.0
1 1 0.9999983310699463
1 1 0.999993085861206
1 1 0.9999979734420776
0 0 0.9999997615814209
1 1 0.9999592304229736
0 0 1.0
0 0 1.0
0 0 0.9999997615814209
1 1 0.999997615814209
1 1 0.9999971389770508
1 1 0.9999991655349731
0 0 1.0
1 1 0.9999961853027344
1 1 0.9999967813491821
0 0 1.0
1 1 0.9999943971633911
0 0 1.0
0 0 0.999998927116394
0 0 0.9999995231628418
1 1 0.9999982118606567
0 0 0.9999998807907104
0 0 1.0
0 0 0.9999998807907104
1 1 0.9999611377716064
0 0 0.9999998807907104
1 1 0.9999983310699463
1 1 0.9999959468841553
0 0 1.0
1 1 0.9999973773956299
0 1 0.517316997051239
0 0 0.9999953508377075
1 1 0.9999957084655762
1 1 0.9999990463256836
0 0 0.9999998807907104
0 0 0.9999995231628418
1 1 0.9999982118606567
1 1 0.9999977350234985
1 1 0.9999954700469971
1 1 0.9999966621398926
0 0 0.9999998807907104
0 0 1.0
1 1 0.9999966621398926
0 0 0.9999991655349731
1 1 0.9999990463256836
1 1 0.9999849796295166
0 0 0.99998939037323
1 1 0.9999982118606567
0 0 0.9999998807907104
1 1 0.9999988079071045
1 1 0.9999973773956299
1 1 0.9999916553497314
1 1 0.9999974966049194
1 1 0.9999980926513672
0 0 1.0
1 1 0.9999935626983643
1 1 0.6514201164245605
0 0 1.0
0 0 1.0
1 1 0.9996719360351562
1 1 0.9999995231628418
1 1 0.9999979734420776
0 0 0.9999969005584717
1 1 0.9999980926513672
1 1 0.999997615814209
1 1 0.9999942779541016
0 0 0.9999991655349731
1 1 0.999996542930603
1 1 0.9999959468841553
1 1 0.9999945163726807
1 1 0.9999986886978149
1 1 0.9999958276748657
0 0 1.0
0 0 1.0
1 1 0.9999967813491821
0 0 1.0
1 1 0.9999995231628418
1 1 0.9999977350234985
1 1 0.9999984502792358
1 1 0.999997615814209
1 1 0.9999995231628418
0 0 1.0
0 0 0.9999998807907104
1 1 0.9999978542327881
0 0 0.9999748468399048
1 1 0.999998927116394
1 1 0.9999973773956299
0 0 1.0
1 1 0.999998927116394
0 0 0.9999983310699463
0 0 0.9999988079071045
1 1 0.9999972581863403
1 1 0.9999767541885376
0 0 0.999998927116394
0 0 0.9999958276748657
1 1 0.9999984502792358
1 1 0.9999912977218628
1 1 0.9999967813491821
1 1 0.9999949932098389
1 1 0.9999980926513672
0 0 0.9999998807907104
1 1 0.9999983310699463
1 1 0.999997615814209
1 1 0.9999912977218628
1 1 0.9999948740005493
0 0 1.0
1 1 0.999998927116394
1 1 0.9999856948852539
0 0 0.9999998807907104
1 1 0.9999898672103882
0 0 1.0
1 1 0.9998949766159058
1 1 0.999996542930603
0 0 0.9999998807907104
1 1 0.999997615814209
1 1 0.9999957084655762
1 1 0.9999281167984009
1 1 0.999997615814209
0 0 1.0
0 0 0.9999997615814209
0 0 1.0
0 0 0.9999998807907104
1 1 0.9999977350234985
0 0 0.9999992847442627
1 1 0.9999995231628418
1 1 0.9999948740005493
0 0 1.0
0 0 0.9999994039535522
0 0 0.9999995231628418
1 1 0.9999936819076538
0 0 0.9999998807907104
0 0 0.9999995231628418
1 1 0.9999927282333374
0 0 1.0
1 1 0.9999954700469971
1 1 0.9999988079071045
1 1 0.9999933242797852
0 0 1.0
0 0 0.9999997615814209
1 1 0.9999958276748657
0 0 0.9999996423721313
0 0 0.9999998807907104
0 0 0.9999998807907104
1 1 0.9999977350234985
1 1 0.9999985694885254
1 1 0.9999972581863403
1 1 0.9999045133590698
0 0 1.0
1 1 0.999997615814209
1 1 0.9999977350234985
0 0 1.0
1 1 0.999996542930603
0 0 1.0
1 1 0.9999915361404419
0 0 1.0
0 0 0.9999997615814209
1 1 0.9999992847442627
1 1 0.9999885559082031
0 0 1.0
1 1 0.9999980926513672
0 0 0.9999997615814209
1 1 0.9999954700469971
0 0 0.9999998807907104
0 0 0.9999998807907104
0 0 0.9999994039535522
0 0 1.0
0 0 1.0
0 0 1.0
0 0 1.0
0 0 1.0
1 1 0.9999948740005493
1 1 0.9999986886978149
1 1 0.9999942779541016
0 0 0.9999996423721313
1 1 0.999998927116394
1 1 0.999994158744812
0 0 1.0
0 0 0.9999996423721313
1 1 0.9999971389770508
1 1 0.9999969005584717
0 0 0.9999998807907104
0 0 1.0
1 1 0.9999970197677612
1 1 0.9999611377716064
1 1 0.9999958276748657
0 0 1.0
0 0 1.0
1 1 0.9999991655349731
1 1 0.9999939203262329
1 1 0.9999967813491821
0 0 0.9999998807907104
1 1 0.9999966621398926
1 1 0.999995231628418
0 0 1.0
0 0 1.0
1 1 0.9999986886978149
0 0 0.9999998807907104
0 0 0.9999998807907104
1 1 0.999998927116394
1 1 0.9999178647994995
0 0 1.0
0 0 0.9999998807907104
0 0 1.0
0 0 0.9999995231628418
1 1 0.9999990463256836
0 0 1.0
1 1 0.9999980926513672
0 0 0.9999998807907104
1 1 0.9999908208847046
0 0 0.9999998807907104
1 1 0.9999955892562866
1 1 0.999995231628418
1 1 0.9999970197677612
0 0 1.0
0 0 0.9995409250259399
0 0 1.0
0 0 1.0
0 0 1.0
0 0 1.0
1 1 0.9999951124191284
1 1 0.9999817609786987
0 0 0.9999998807907104
1 1 0.9999970197677612
1 1 0.9999977350234985
1 1 0.9999922513961792
0 0 0.9999996423721313
1 1 0.9999961853027344
1 1 0.9999839067459106
0 0 0.9999977350234985
1 1 0.9999904632568359
1 1 0.9999810457229614
1 1 0.9999967813491821
1 1 0.9999992847442627
0 0 1.0
1 1 0.9999604225158691
0 0 0.9999998807907104
0 0 0.9999982118606567
0 0 1.0
0 0 0.9999998807907104
0 0 0.9999992847442627
0 0 0.9999998807907104
0 0 0.9999998807907104
1 1 0.9999940395355225
1 1 0.9999984502792358
1 1 0.999998927116394
1 1 0.999995231628418
1 1 0.9999970197677612
0 0 1.0
0 0 1.0
1 1 0.9999910593032837
1 1 0.9999954700469971
0 0 1.0
0 0 1.0
1 1 0.9999978542327881
1 1 0.9999966621398926
1 1 0.9999971389770508
1 1 0.999990701675415
0 0 0.9999997615814209
1 1 0.999998927116394
0 0 0.9999997615814209
0 0 0.9999996423721313
0 0 0.9999998807907104
1 1 0.9999957084655762
0 0 0.9999998807907104
1 1 0.9999940395355225
1 1 0.9999963045120239
1 1 0.9999971389770508
1 1 0.9990835189819336
1 1 0.9999997615814209
1 1 0.9999899864196777
1 1 0.9999996423721313
0 0 0.9999980926513672
1 1 0.9999988079071045
0 0 1.0
0 0 0.9999996423721313
0 0 0.9999997615814209
1 1 0.9999990463256836
0 0 1.0
1 1 0.9999967813491821
1 1 0.999997615814209
1 1 0.9999939203262329
0 0 0.9999991655349731
1 1 0.9999825954437256
1 1 0.999976396560669
1 1 0.9999945163726807
0 0 0.9999995231628418
1 1 0.9999970197677612
1 1 0.999996542930603
0 0 1.0
0 0 1.0
0 0 1.0
0 0 0.9999997615814209
1 1 0.9999945163726807
1 1 0.9999977350234985
0 0 0.9999998807907104
1 1 0.9999887943267822
1 1 0.9999889135360718
0 0 1.0
0 0 1.0
0 0 1.0
1 1 0.9999994039535522
0 0 0.9999998807907104
1 1 0.9993054866790771
1 1 0.9999995231628418
1 1 0.9999984502792358
1 1 0.9999978542327881
0 0 0.9999997615814209
1 1 0.9999969005584717
0 0 0.9999997615814209
1 1 0.9999996423721313
1 1 0.9999959468841553
0 0 0.9999716281890869
0 0 0.9999984502792358
0 0 1.0
0 0 0.9999977350234985
0 0 0.999997615814209
1 1 0.9999979734420776
1 1 0.9999995231628418
1 1 0.999997615814209
1 1 0.9999948740005493
0 0 1.0
0 0 1.0
0 0 0.9999998807907104
1 1 0.9999946355819702
0 0 0.9999998807907104
0 0 1.0
0 0 0.9999997615814209
1 1 0.9999963045120239
1 1 0.9999344348907471
0 0 1.0
0 0 0.9999998807907104
1 1 0.9999932050704956
0 0 1.0
0 0 1.0
0 0 1.0
0 0 0.9999986886978149
0 0 0.9999998807907104
1 1 0.999997615814209
1 1 0.9999995231628418
0 0 1.0
1 1 0.9999927282333374
1 1 0.9999955892562866
1 1 0.9999996423721313
1 1 0.9999866485595703
0 0 1.0
0 0 0.9999998807907104
0 0 1.0
1 1 0.999993085861206
1 1 0.999996542930603
1 1 0.9999982118606567
1 1 0.999996542930603
1 1 0.9999978542327881
1 1 0.9999934434890747
1 1 0.9999924898147583
1 1 0.9999970197677612
1 1 0.999996542930603
0 0 0.9999998807907104
1 1 0.9999971389770508
1 1 0.9999874830245972
0 0 0.9999990463256836
0 0 1.0
0 0 0.9999998807907104
1 1 0.9999964237213135
0 0 1.0
1 1 0.9999982118606567
0 0 0.9999979734420776
1 1 0.9999898672103882
0 0 0.9999998807907104
1 1 0.9999994039535522
1 1 0.9999970197677612
1 1 0.9999980926513672
1 1 0.9999972581863403
0 0 1.0
1 1 0.9999285936355591
0 0 1.0
1 1 0.9999943971633911
1 1 0.9999973773956299
0 0 0.9999983310699463
0 0 0.9999998807907104
0 0 1.0
1 1 0.999994158744812
0 0 0.9999978542327881
0 0 0.9999997615814209
1 1 0.9999977350234985
1 1 0.9999967813491821
1 1 0.9999966621398926
1 1 0.9999991655349731
1 1 0.9999970197677612
0 0 1.0
0 0 0.9999991655349731
1 1 0.9999992847442627
0 0 0.9999957084655762
0 0 1.0
0 0 0.9999992847442627
0 0 1.0
0 0 1.0
1 1 0.9999980926513672
1 1 0.9999977350234985
0 0 0.9999998807907104
1 1 0.9999972581863403
1 1 0.9999958276748657
1 1 0.9999916553497314
0 0 0.9999997615814209
0 0 1.0
0 0 1.0
0 0 0.9999998807907104
0 0 0.9999998807907104
0 0 0.9999996423721313
1 1 0.9999969005584717
0 0 1.0
0 0 1.0
0 0 0.9999996423721313
1 1 0.9999984502792358
0 0 1.0
1 1 0.9989087581634521
1 1 0.9999856948852539
1 1 0.999997615814209
1 1 0.999995231628418
0 0 0.9999997615814209
0 0 0.9999990463256836
0 0 0.9999997615814209
0 0 0.9999996423721313
1 1 0.9999939203262329
1 1 0.999998927116394
0 0 0.9999980926513672
1 1 0.9999904632568359
0 0 0.9999988079071045
1 1 0.9999954700469971
1 1 0.999995231628418
1 1 0.9999964237213135
1 1 0.9999969005584717
0 0 0.9999997615814209
0 0 0.9999998807907104
0 0 0.9999990463256836
1 1 0.9999977350234985
1 1 0.9999992847442627
0 0 0.9999985694885254
0 0 0.9999997615814209
0 0 0.9999998807907104
1 1 0.9999994039535522
0 0 0.9999997615814209
0 0 0.9999992847442627
1 1 0.9999961853027344
0 0 1.0
1 1 0.9999995231628418
1 1 0.999647855758667
0 0 0.9999992847442627
0 0 0.999716579914093
0 0 0.9999905824661255
1 1 0.9999969005584717
0 0 1.0
1 1 0.9999868869781494
1 1 0.9999967813491821
1 1 0.999994158744812
0 0 1.0
1 1 0.9999986886978149
1 1 0.9995753169059753
1 1 0.9999951124191284
1 1 0.9999982118606567
0 0 0.9999997615814209
1 1 0.999991774559021
0 0 0.9999998807907104
0 0 0.999997615814209
0 0 0.9999998807907104
0 0 0.9999998807907104
1 1 0.9999985694885254
0 0 1.0
1 1 0.9999994039535522
0 0 0.9999998807907104
1 1 0.9999955892562866
0 0 1.0
1 1 0.999996542930603
1 1 0.9999964237213135
0 0 1.0
0 0 0.9999997615814209
1 1 0.9999977350234985
1 1 0.9999973773956299
1 1 0.9999970197677612
1 1 0.9999942779541016
1 1 0.9999932050704956
0 0 1.0
1 1 0.9999984502792358
0 0 1.0
1 1 0.9999988079071045
0 0 1.0
0 0 0.9999967813491821
0 0 0.9999994039535522
1 1 0.9999977350234985
0 0 1.0
0 0 1.0
1 1 0.9999985694885254
1 1 0.9995852112770081
0 0 1.0
1 1 0.9999978542327881
1 1 0.9999998807907104
0 0 0.9999998807907104
1 1 0.9999840259552002
1 1 0.9999971389770508
1 1 0.9999599456787109
1 1 0.9999973773956299
1 1 0.9999430179595947
1 1 0.9999997615814209
0 0 0.999997615814209
0 0 0.9999998807907104
0 0 1.0
1 1 0.9999973773956299
1 1 0.9999915361404419
0 0 0.9999994039535522
1 1 0.9999896287918091
0 0 1.0
1 1 0.9999997615814209
0 0 1.0
1 1 0.9999992847442627
0 0 0.9999998807907104
1 1 0.9999951124191284
1 1 0.9999983310699463
1 1 0.9999945163726807
1 1 0.9999972581863403
1 1 0.9999977350234985
0 0 1.0
1 1 0.9999922513961792
1 1 0.9999957084655762
1 1 0.999997615814209
1 1 0.9999017715454102
0 0 0.9999998807907104
1 1 0.9999955892562866
0 0 1.0
0 0 1.0
0 0 0.9999994039535522
1 1 0.9999986886978149
1 1 0.9999955892562866
0 0 0.9999998807907104
1 1 0.9999889135360718
0 0 0.999995231628418
0 0 1.0
0 0 0.9999998807907104
0 0 1.0
0 0 0.9999994039535522
0 0 1.0
0 0 0.9999998807907104
0 0 1.0
0 0 0.9999998807907104
1 1 0.9999932050704956
1 1 0.9999977350234985
1 1 0.9999991655349731
1 1 0.9999927282333374
0 0 0.9999986886978149
1 1 0.9999988079071045
0 0 1.0
1 1 0.9999967813491821
0 0 0.9999995231628418
1 1 0.9999991655349731
0 0 0.9999998807907104
0 0 0.9999998807907104
0 0 0.9999998807907104
1 1 0.9999973773956299
1 1 0.9999985694885254
0 0 1.0
0 0 0.9999995231628418
0 0 1.0
0 0 1.0
1 1 0.9999978542327881
1 1 0.9999980926513672
0 0 1.0
1 1 0.9999924898147583
0 0 0.9999990463256836
1 1 0.9999934434890747
0 0 0.9999996423721313
1 1 0.9999465942382812
1 1 0.9999977350234985
0 0 1.0
0 0 0.9999948740005493
1 1 0.999997615814209
1 1 0.9999994039535522
0 0 0.9999997615814209
1 1 0.9999996423721313
0 0 0.9999998807907104
1 1 0.9999973773956299
1 1 0.9999982118606567
0 0 1.0
1 1 0.9999957084655762
0 0 0.9999995231628418
1 1 0.9999964237213135
1 1 0.999997615814209
0 0 1.0
1 1 0.999997615814209
1 1 0.9999997615814209
0 0 0.9999992847442627
0 0 0.9999998807907104
1 1 0.9999963045120239
0 0 0.9999998807907104
0 0 0.9999970197677612
1 1 0.9999991655349731
0 0 1.0
1 1 0.9999970197677612
1 1 0.9999980926513672
0 0 0.9999997615814209
1 1 0.9999967813491821
0 0 0.9999961853027344
0 0 0.9999996423721313
1 1 0.9999995231628418
0 0 1.0
0 0 0.9999995231628418
1 1 0.9961667656898499
1 1 0.9999991655349731
0 0 1.0
1 1 0.999996542930603
0 0 0.9999998807907104
1 1 0.9999954700469971
0 0 1.0
1 1 0.9999991655349731
1 1 0.9999756813049316
1 1 0.999998927116394
1 1 0.9999945163726807
0 0 0.9999997615814209
1 1 0.9999953508377075
0 0 1.0
0 0 1.0
1 1 0.9999995231628418
0 0 0.9999998807907104
1 1 0.9999994039535522
1 1 0.9999969005584717
1 1 0.9999915361404419
0 0 0.9999994039535522
0 0 0.9999977350234985
0 0 1.0
0 0 0.9999911785125732
1 1 0.9999979734420776
1 1 0.9999960660934448
1 1 0.9999971389770508
0 0 0.9999998807907104
1 1 0.9999996423721313
1 1 0.9999969005584717
1 1 0.9999949932098389
1 1 0.9999933242797852
1 1 0.9999949932098389
0 0 0.999998927116394
1 1 0.9999960660934448
0 0 1.0
1 1 0.9999934434890747
0 0 0.9999998807907104
0 0 1.0
0 0 1.0
1 1 0.9999988079071045
0 0 0.9999998807907104
1 1 0.9999954700469971
0 0 0.9999997615814209
1 1 0.9999929666519165
1 1 0.999997615814209
1 1 0.9999980926513672
1 1 0.9999967813491821
0 0 0.9999998807907104
1 1 0.999994158744812
1 1 0.9999852180480957
0 0 0.9999998807907104
0 0 0.9999982118606567
0 0 0.9999990463256836
1 1 0.9999982118606567
1 1 0.9999995231628418
0 0 0.9999998807907104
0 0 1.0
0 0 1.0
1 1 0.9999915361404419
0 0 1.0
0 0 0.9999997615814209
0 0 1.0
1 1 0.9999961853027344
1 1 0.9999964237213135
1 1 0.9999985694885254
0 0 0.9999996423721313
0 0 0.9999998807907104
1 1 0.9999998807907104
0 0 0.9999997615814209
1 1 0.9996839761734009
1 1 0.9999923706054688
1 1 0.9999991655349731
1 1 0.9999994039535522
1 1 0.9999982118606567
1 1 0.9999983310699463
1 1 0.9999985694885254
0 0 0.9999985694885254
0 0 0.9999998807907104
1 1 0.9999927282333374
0 0 0.9999990463256836
0 0 0.9999998807907104
0 0 1.0
1 1 0.9999980926513672
1 1 0.9999969005584717
0 0 0.9999984502792358
0 0 0.999992847442627
0 0 1.0
0 0 0.9999998807907104
1 1 0.9999990463256836
1 1 0.9999924898147583
1 1 0.9999170303344727
1 1 0.9999948740005493
0 0 1.0
1 1 0.9999868869781494
1 1 0.9999984502792358
0 0 1.0
0 0 1.0
1 1 0.9999994039535522
1 1 0.9999984502792358
0 0 0.9999998807907104
0 0 1.0
1 1 0.9999938011169434
1 1 0.9972913861274719
0 0 1.0
0 0 0.9999998807907104
0 0 0.9999946355819702
0 0 1.0
0 0 0.9999998807907104
1 1 0.999998927116394
0 0 1.0
0 0 0.9999997615814209
1 1 0.9990480542182922
0 0 0.9999998807907104
0 0 0.9999998807907104
1 1 0.9999967813491821
1 1 0.9999959468841553
0 0 0.9999998807907104
0 0 1.0
1 1 0.9999991655349731
0 0 0.9999996423721313
1 1 0.999390721321106
1 1 0.9999966621398926
1 1 0.9999927282333374
1 1 0.9999985694885254
1 1 0.9999986886978149
1 1 0.9999979734420776
0 0 1.0
0 0 0.9999997615814209
1 1 0.9999735355377197
1 1 0.9995637536048889
1 1 0.9999827146530151
1 1 0.999990701675415
0 0 1.0
1 1 0.9999960660934448
1 1 0.9999974966049194
1 1 0.9999994039535522
1 1 0.9235074520111084
1 1 0.9999979734420776
1 1 0.9999933242797852
0 0 0.9999997615814209
1 1 0.9999984502792358
1 1 0.999990701675415
1 1 0.9999992847442627
1 1 0.9999680519104004
0 0 1.0
1 1 0.9999982118606567
1 1 0.999983549118042
1 1 0.9999967813491821
1 1 0.9999945163726807
0 0 1.0
1 1 0.9999974966049194
0 0 0.9999998807907104
1 1 0.9999964237213135
1 1 0.999996542930603
0 0 1.0
1 1 0.9999996423721313
1 1 0.9999977350234985
0 0 0.9999997615814209
0 0 0.9999997615814209
1 1 0.9999897480010986
1 1 0.999987006187439
0 0 0.9999998807907104
1 1 0.9999961853027344
1 1 0.9999992847442627
1 1 0.9999926090240479
1 1 0.9999996423721313
0 0 1.0
1 1 0.9999955892562866
1 1 0.9999924898147583
1 1 0.9999980926513672
0 0 0.9999998807907104
1 1 0.999993085861206
0 0 1.0
0 0 0.9999998807907104
1 1 0.9999977350234985
1 1 0.9999991655349731
0 0 0.9999997615814209
1 1 0.9999948740005493
1 1 0.999996542930603
1 1 0.9999988079071045
1 1 0.9999946355819702
1 1 0.9999990463256836
1 1 0.9999985694885254
0 0 0.9999986886978149
1 1 0.9999959468841553
1 1 0.9999984502792358
1 1 0.9999973773956299
1 1 0.9999997615814209
1 1 0.9999954700469971
1 1 0.9999995231628418
1 1 0.9999959468841553
1 1 0.9999979734420776
1 1 0.9999979734420776
1 1 0.9999939203262329
1 1 0.9999967813491821
0 0 1.0
0 0 1.0
1 1 0.9999979734420776
0 0 0.9999988079071045
1 1 0.9999967813491821
0 0 1.0
0 0 0.9999998807907104
1 1 0.9999954700469971
0 0 0.9999990463256836
1 1 0.9999985694885254
1 1 0.9999955892562866
0 0 0.9999995231628418
0 0 0.9999991655349731
0 0 0.9999994039535522
0 0 1.0
0 0 1.0
1 1 0.9999918937683105
1 1 0.9999839067459106
0 0 0.9999998807907104
1 1 0.9999909400939941
1 1 0.9999948740005493
0 0 0.9999995231628418
1 1 0.9999951124191284
1 1 0.9999992847442627
1 1 0.9999886751174927
0 0 0.9999990463256836
1 1 0.9999994039535522
0 0 1.0
1 1 0.9999973773956299
1 1 0.9999970197677612
1 1 0.999998927116394
1 1 0.9999996423721313
0 0 0.9999994039535522
0 0 1.0
1 1 0.9999980926513672
1 1 0.9999498128890991
0 0 1.0
1 1 0.9999945163726807
0 0 0.9999998807907104
1 1 0.9999934434890747
1 1 0.9999980926513672
1 1 0.9999940395355225
1 1 0.9999912977218628
1 1 0.9999786615371704
0 0 1.0
0 0 1.0
1 1 0.9999970197677612
0 0 0.9999994039535522
1 1 0.9999958276748657
1 1 0.9999961853027344
0 0 1.0
0 0 1.0
0 0 1.0
1 1 0.999996542930603
1 1 0.9997689127922058
0 0 1.0
0 0 1.0
0 0 0.9999998807907104
1 1 0.9999886751174927
0 0 1.0
1 1 0.9999947547912598
1 1 0.9999940395355225
1 1 0.9999946355819702
0 0 1.0
1 1 0.999998927116394
0 0 0.9999980926513672
1 1 0.9999862909317017
0 0 1.0
0 0 0.9999998807907104
1 1 0.9999936819076538
0 0 0.9999998807907104
1 1 0.9999619722366333
1 1 0.9999939203262329
1 1 0.9999877214431763
0 0 1.0
1 1 0.9999996423721313
0 0 1.0
0 0 0.9999994039535522
1 1 0.9999996423721313
1 1 0.9999971389770508
0 0 0.9999984502792358
1 1 0.9999963045120239
0 0 1.0
0 0 0.9999998807907104
0 0 0.9999997615814209
0 0 0.9999995231628418
1 1 0.9999980926513672
0 0 0.9998181462287903
0 0 1.0
1 1 0.9999990463256836
0 0 1.0
1 1 0.999997615814209
0 0 0.9999998807907104
1 1 0.9999960660934448
0 0 1.0
1 1 0.999996542930603
0 0 1.0
1 1 0.9999969005584717
1 1 0.9999961853027344
0 0 0.9999992847442627
0 0 0.9999998807907104
1 1 0.999993085861206
1 1 0.9999984502792358
0 0 0.9999998807907104
1 1 0.9999895095825195
1 1 0.9999865293502808
0 0 1.0
1 1 0.9999969005584717
1 1 0.9999966621398926
1 1 0.9999984502792358
0 0 0.9999994039535522
1 1 0.9999985694885254
1 1 0.9999971389770508
0 0 1.0
1 1 0.9999992847442627
1 1 0.9999936819076538
1 1 0.9999884366989136
0 0 0.9999998807907104
0 0 0.9999998807907104
1 1 0.9999990463256836
1 1 0.9999991655349731
1 1 0.999998927116394
1 1 0.9999977350234985
1 1 0.9999792575836182
0 0 0.9999998807907104
0 0 0.9999984502792358
0 0 1.0
0 0 1.0
0 0 0.9999996423721313
0 0 0.9999996423721313
1 1 0.9999969005584717
0 0 1.0
0 0 0.9999998807907104
0 0 0.9999995231628418
0 0 1.0
0 0 0.9999997615814209
1 1 0.9999957084655762
0 0 0.9999997615814209
0 0 0.9999991655349731
1 1 0.9999942779541016
1 1 0.9999980926513672
1 1 0.9999983310699463
1 1 0.9999969005584717
1 1 0.9999977350234985
0 0 1.0
1 1 0.9999991655349731
1 1 0.9999946355819702
0 0 1.0
1 1 0.9999990463256836
1 1 0.9999904632568359
1 1 0.999992847442627
0 0 1.0
1 1 0.9999954700469971
0 0 1.0
0 0 0.9999958276748657
0 0 0.9999995231628418
1 1 0.9999982118606567
0 0 1.0
1 1 0.9999926090240479
1 1 0.9999841451644897
0 0 0.9999995231628418
0 0 0.9999997615814209
1 1 0.9998384714126587
0 0 1.0
0 0 1.0
0 0 1.0
0 0 0.9999916553497314
1 1 0.9999958276748657
1 1 0.9999959468841553
0 0 0.9999998807907104
0 0 0.9999998807907104
0 0 0.9999998807907104
0 0 0.9999998807907104
1 1 0.9999958276748657
1 1 0.9999966621398926
1 1 0.9999980926513672
0 0 1.0
0 0 1.0
1 1 0.9999974966049194
1 1 0.9999970197677612
0 0 0.999994158744812
0 0 1.0
0 0 1.0
1 1 0.9999973773956299
0 0 1.0
0 0 1.0
0 0 1.0
1 1 0.9999831914901733
0 0 1.0
0 0 1.0
0 0 0.9999998807907104
1 1 0.9999983310699463
1 1 0.9999994039535522
1 1 0.9999942779541016
0 0 1.0
1 1 0.9999992847442627
0 0 0.9999985694885254
0 0 1.0
1 1 0.999998927116394
0 0 0.9999998807907104
0 0 1.0
1 1 0.9993093013763428
0 0 0.9999998807907104
1 1 0.9999982118606567
1 1 0.9999992847442627
0 0 0.9999995231628418
0 0 0.9999997615814209
0 0 0.9999997615814209
0 0 1.0
1 1 0.9999994039535522
1 1 0.9998254179954529
1 1 0.9999932050704956
0 0 0.9999998807907104
1 1 0.9999958276748657
1 1 0.9999973773956299
1 1 0.9999935626983643
1 1 0.9999973773956299
0 0 0.9999998807907104
1 1 0.9999991655349731
0 0 0.999994158744812
0 0 1.0
1 1 0.9999980926513672
0 0 1.0
1 1 0.9999902248382568
0 0 1.0
0 0 1.0
0 0 0.9999998807907104
1 1 0.9999954700469971
0 0 0.9999997615814209
1 1 0.9999972581863403
0 0 1.0
1 1 0.9999969005584717
0 0 1.0
0 0 1.0
0 0 1.0
0 0 1.0
1 1 0.9999926090240479
1 1 0.9999992847442627
0 0 1.0
1 1 0.9999996423721313
1 1 0.9999934434890747
0 0 0.9999997615814209
1 1 0.9999921321868896
0 0 0.9999995231628418
1 1 0.9999978542327881
1 1 0.9999938011169434
1 1 0.9999957084655762
1 1 0.999995231628418
1 1 0.9999955892562866
1 1 0.9999960660934448
1 1 0.9999899864196777
0 0 1.0
0 0 0.9999997615814209
0 0 0.9999996423721313
1 1 0.9999887943267822
0 0 1.0
1 1 0.9999951124191284
1 1 0.9999990463256836
1 1 0.9999921321868896
0 0 0.9999998807907104
1 1 0.9999979734420776
1 1 0.9999963045120239
1 1 0.9999946355819702
1 1 0.9999973773956299
1 1 0.9999979734420776
1 1 0.9997500777244568
0 0 0.9999998807907104
0 0 0.9999994039535522
1 1 0.9999990463256836
1 1 0.9999929666519165
1 1 0.9980555772781372
1 1 0.9999935626983643
0 0 1.0
1 1 0.9999966621398926
1 1 0.9999994039535522
0 0 0.9999995231628418
1 1 0.9999961853027344
0 0 0.9999997615814209
1 1 0.9999960660934448
1 1 0.9999926090240479
1 1 0.9999843835830688
0 0 0.9999994039535522
0 0 0.9999998807907104
1 1 0.9999881982803345
1 1 0.9999977350234985
0 0 0.9999991655349731
1 1 0.999998927116394
0 0 1.0
0 0 0.9999997615814209
0 0 0.9999998807907104
0 0 0.9999998807907104
0 0 1.0
0 0 0.9999998807907104
1 1 0.9999979734420776
1 1 0.9999876022338867
0 0 0.9999995231628418
1 1 0.9999978542327881
0 0 0.9999997615814209
1 1 0.999991774559021
1 1 0.9999982118606567
1 1 0.9999971389770508
1 1 0.9999978542327881
1 1 0.9999972581863403
1 1 0.9999990463256836
1 1 0.9999974966049194
1 1 0.9999957084655762
0 0 0.9999997615814209
0 0 1.0
1 1 0.9999963045120239
1 1 0.9999996423721313
1 1 0.9999970197677612
0 0 1.0
0 0 0.9999996423721313
0 0 1.0
1 1 0.9999996423721313
1 1 0.999997615814209
1 1 0.9999983310699463
1 1 0.9999934434890747
1 1 0.999996542930603
0 0 1.0
0 0 1.0
1 1 0.9999973773956299
0 0 0.9999998807907104
0 0 0.9999996423721313
1 1 0.9999998807907104
0 0 0.9999998807907104
0 0 0.9999998807907104
1 1 0.9999980926513672
0 0 1.0
0 0 0.9999998807907104
0 0 1.0
1 1 0.9999868869781494
0 0 0.9999995231628418
0 0 0.9999995231628418
1 1 0.9999946355819702
1 1 0.9999966621398926
1 1 0.9999955892562866
0 0 0.9999998807907104
1 1 0.9999916553497314
0 0 1.0
1 1 0.999995231628418
0 0 0.9999998807907104
1 1 0.9999934434890747
1 1 0.9999796152114868
1 1 0.999996542930603
1 1 0.9999958276748657
0 0 1.0
0 0 0.9999998807907104
0 0 0.9999992847442627
1 1 0.9999970197677612
1 1 0.9999934434890747
1 1 0.9994458556175232
0 0 0.9999992847442627
0 0 0.9999995231628418
1 1 0.999997615814209
1 1 0.9999889135360718
0 0 1.0
1 1 0.9999791383743286
0 0 1.0
1 1 0.9999934434890747
1 1 0.9999960660934448
1 1 0.9999678134918213
0 0 1.0
1 1 0.9999945163726807
0 0 0.9999996423721313
0 0 1.0
1 1 0.9999980926513672
1 1 0.9999983310699463
1 1 0.9999979734420776
0 0 0.9999998807907104
0 0 1.0
0 0 0.9999998807907104
1 1 0.9999995231628418
0 0 0.9999995231628418
0 0 0.9999915361404419
0 0 0.9999986886978149
1 1 0.9999991655349731
1 1 0.999998927116394
1 1 0.9999915361404419
0 0 1.0
1 1 0.999998927116394
1 1 0.9999958276748657
0 0 0.9999998807907104
1 1 0.999996542930603
1 1 0.9999984502792358
0 0 1.0
1 1 0.9999991655349731
1 1 0.999987006187439
1 1 0.9997840523719788
1 1 0.9999887943267822
0 0 1.0
1 1 0.9999970197677612
1 1 0.9999991655349731
1 1 0.999996542930603
0 0 0.9999998807907104
0 0 0.9999997615814209
1 1 0.9999992847442627
0 0 1.0
1 1 0.9999971389770508
0 0 0.9999942779541016
1 1 0.9999853372573853
0 0 0.9999994039535522
0 0 0.9999996423721313
1 1 0.999963641166687
1 1 0.9999988079071045
0 0 1.0
0 0 0.9999994039535522
1 1 0.9999938011169434
0 0 0.9999997615814209
0 0 0.9999992847442627
0 0 0.9999991655349731
1 1 0.9999979734420776
1 1 0.9999760389328003
1 1 0.9999966621398926
0 0 1.0
0 0 0.9999983310699463
1 1 0.9999996423721313
1 1 0.9999972581863403
0 0 1.0
1 1 0.9999964237213135
0 0 0.9999997615814209
0 0 1.0
1 1 0.9999979734420776
0 0 0.9999997615814209
1 1 0.9998823404312134
1 1 0.9999980926513672
1 1 0.9999954700469971
0 0 0.9999996423721313
0 0 1.0
1 1 0.9999972581863403
1 1 0.9999951124191284
0 0 0.9999998807907104
0 0 1.0
1 1 0.9999940395355225
1 1 0.9999988079071045
0 0 1.0
0 0 0.9999982118606567
1 1 0.9999988079071045
1 1 0.9999833106994629
0 0 0.999992847442627
0 0 0.999997615814209
0 0 0.9999918937683105
1 1 0.9999994039535522
0 0 1.0
0 0 0.9999998807907104
1 1 0.9999994039535522
1 1 0.9999995231628418
1 1 0.9999959468841553
0 0 0.9999998807907104
1 1 0.9999986886978149
0 0 0.9999998807907104
1 1 0.9999978542327881
1 1 0.9999943971633911
0 0 0.9999995231628418
0 0 1.0
1 1 0.9999970197677612
1 1 0.9999982118606567
0 0 0.9999998807907104
1 1 0.9999818801879883
1 1 0.9999992847442627
0 0 1.0
0 0 0.9999998807907104
0 0 0.9999998807907104
1 1 0.9999972581863403
0 0 1.0
1 1 0.999998927116394
0 0 0.9999998807907104
0 0 0.9999984502792358
1 1 0.9999762773513794
0 0 1.0
1 1 0.9999880790710449
1 1 0.9999911785125732
0 0 0.9999995231628418
1 1 0.9999973773956299
1 1 0.9999947547912598
1 1 0.999991774559021
1 1 0.9999969005584717
0 0 1.0
1 1 0.999997615814209
1 1 0.9999951124191284
0 0 0.9999995231628418
1 1 0.9999966621398926
0 0 1.0
1 1 0.9999583959579468
1 1 0.999996542930603
0 0 0.9999998807907104
1 1 0.9999887943267822
0 0 0.9999997615814209
1 1 0.9999927282333374
0 0 1.0
0 0 1.0
1 1 0.999996542930603
1 1 0.9989393353462219
0 0 1.0
1 1 0.999996542930603
1 1 0.9999599456787109
0 0 0.9999996423721313
0 0 0.9999998807907104
1 1 0.9999978542327881
0 0 0.9999995231628418
1 1 0.9999942779541016
1 1 0.9999977350234985
0 0 1.0
1 1 0.99998939037323
1 1 0.9999959468841553
0 0 1.0
1 1 0.9999982118606567
1 1 0.9999988079071045
0 0 0.9999997615814209
0 0 1.0
0 0 0.9999998807907104
1 1 0.9999977350234985
0 0 0.9999998807907104
1 1 0.9999891519546509
0 0 1.0
1 1 0.9999932050704956
0 0 1.0
0 0 0.9999998807907104
1 1 0.9999927282333374
1 1 0.9999938011169434
1 1 0.9999983310699463
0 0 1.0
0 0 1.0
1 1 0.9999994039535522
0 0 1.0
1 1 0.9999831914901733
0 0 1.0
0 0 1.0
0 0 1.0
1 1 0.9999959468841553
0 0 0.9999998807907104
1 1 0.999993085861206
0 0 0.9999982118606567
1 1 0.999991774559021
1 1 0.9999955892562866
0 0 1.0
1 1 0.999997615814209
1 1 0.999997615814209
1 1 0.999998927116394
1 1 0.99998939037323
0 0 1.0
1 1 0.9999910593032837
1 1 0.9999982118606567
0 0 0.9999997615814209
1 1 0.9999978542327881
1 1 0.9999982118606567
0 0 0.9999998807907104
1 1 0.9999531507492065
1 1 0.9999946355819702
1 1 0.9999990463256836
1 1 0.9999992847442627
0 0 0.9999980926513672
1 1 0.9999938011169434
1 1 0.999992847442627
1 1 0.9999972581863403
0 0 1.0
0 0 0.9999998807907104
0 0 1.0
0 0 1.0
0 0 0.9999998807907104
1 1 0.999998927116394
1 1 0.9999974966049194
1 1 0.9999997615814209
0 0 1.0
1 1 0.999997615814209
0 0 1.0
1 1 0.9999936819076538
0 0 0.9999996423721313
0 0 0.9999996423721313
0 0 1.0
0 0 0.999998927116394
1 1 0.9999973773956299
0 0 0.9999997615814209
1 1 0.999997615814209
1 1 0.9999978542327881
1 1 0.9999935626983643
1 1 0.9999983310699463
0 0 0.9999992847442627
0 0 1.0
1 1 0.9999986886978149
0 0 1.0
0 0 0.9999998807907104
1 1 0.9999854564666748
0 0 0.9999995231628418
1 1 0.999995231628418
1 1 0.9999936819076538
1 1 0.9999972581863403
1 1 0.9999971389770508
0 0 1.0
1 1 0.999980092048645
1 1 0.9999982118606567
0 0 0.9999998807907104
1 1 0.9999843835830688
1 1 0.9999865293502808
0 0 0.9999998807907104
1 1 0.9999991655349731
0 0 0.9999998807907104
0 0 0.9999992847442627
1 1 0.9999995231628418
0 0 0.999993085861206
1 1 0.9999955892562866
1 1 0.9999881982803345
1 1 0.9999926090240479
0 0 0.9999998807907104
1 1 0.9999995231628418
0 0 1.0
0 0 0.9999998807907104
0 0 1.0
1 1 0.9999923706054688
0 0 1.0
1 1 0.9999814033508301
1 1 0.9999983310699463
0 0 1.0
0 0 0.9999997615814209
0 0 0.9999994039535522
1 1 0.9999967813491821
0 0 0.9999998807907104
0 0 1.0
1 1 0.9999985694885254
0 0 0.9999996423721313
1 1 0.9999970197677612
0 0 0.9999990463256836
0 0 1.0
0 0 1.0
0 0 1.0
0 0 0.9999998807907104
1 1 0.9999994039535522
0 0 1.0
1 1 0.9999957084655762
1 1 0.999996542930603
0 0 0.9999998807907104
1 1 0.9999982118606567
1 1 0.9999977350234985
1 1 0.9999957084655762
0 0 0.9999997615814209
1 1 0.9999955892562866
0 0 1.0
0 0 0.9999997615814209
0 0 1.0
1 1 0.9999970197677612
1 1 0.9999982118606567
1 1 0.9999982118606567
0 0 1.0
1 1 0.9999957084655762
1 1 0.9999957084655762
0 0 1.0
0 0 1.0
1 1 0.9999994039535522
1 1 0.9999986886978149
1 1 0.9999957084655762
0 0 0.9999998807907104
1 1 0.9999964237213135
0 0 0.9999991655349731
1 1 0.9999974966049194
1 1 0.9999946355819702
0 0 1.0
0 0 0.9999997615814209
0 0 1.0
0 0 0.9999998807907104
1 1 0.9999992847442627
1 1 0.9999991655349731
0 0 0.9999998807907104
0 0 1.0
1 1 0.9999991655349731
1 1 0.9999966621398926
1 1 0.999993085861206
0 0 1.0
0 0 0.9999998807907104
1 1 0.9999898672103882
1 1 0.9999934434890747
0 0 1.0
0 0 0.9999998807907104
0 0 1.0
1 1 0.9999988079071045
0 0 0.9999983310699463
0 0 0.9999996423721313
0 0 1.0
1 1 0.9999979734420776
0 0 1.0
1 1 0.9999986886978149
1 1 0.999996542930603
1 1 0.9999991655349731
1 1 0.9999984502792358
0 0 0.9999997615814209
0 0 0.9999996423721313
1 1 0.9999920129776001
1 1 0.999998927116394
0 0 1.0
1 1 0.9999986886978149
0 0 1.0
1 1 0.9999980926513672
1 1 0.9999992847442627
1 1 0.999996542930603
0 0 1.0
1 1 0.9999986886978149
0 0 0.9999998807907104
0 0 1.0
0 0 1.0
0 0 0.9999997615814209
0 0 0.9999998807907104
0 0 1.0
1 1 0.9999974966049194
0 0 1.0
0 0 1.0
0 0 0.9999986886978149
0 0 0.9999998807907104
1 1 0.9999983310699463
1 1 0.9922021627426147
0 0 0.9999998807907104
0 0 0.9999998807907104
0 0 0.9999995231628418
1 1 0.9999959468841553
1 1 0.9999979734420776
0 0 1.0
1 1 0.9999982118606567
0 0 0.9999988079071045
1 1 0.9999996423721313
1 1 0.9999940395355225
1 1 0.9999983310699463
0 0 0.9999998807907104
1 1 0.9999969005584717
1 1 0.9999974966049194
0 0 1.0
0 0 0.9999669790267944
0 0 0.9999998807907104
1 1 0.9999973773956299
0 0 0.9999996423721313
1 1 0.9999978542327881
1 1 0.9999977350234985
1 1 0.9999934434890747
1 1 0.999998927116394
1 1 0.9999655485153198
0 0 1.0
0 0 0.9999997615814209
0 0 1.0
1 1 0.9999971389770508
0 0 0.9999983310699463
0 0 0.9999940395355225
0 0 0.9999995231628418
0 0 1.0
1 1 0.9999994039535522
0 0 1.0
1 1 0.9999936819076538
0 0 0.9999998807907104
1 1 0.9999997615814209
1 1 0.999988317489624
0 0 0.9999984502792358
0 0 1.0
1 1 0.9999790191650391
1 1 0.9999984502792358
1 1 0.9999963045120239
1 1 0.9999978542327881
1 1 0.9999939203262329
1 1 0.9999970197677612
0 0 0.9999997615814209
1 1 0.9999954700469971
0 0 1.0
1 1 0.9999974966049194
1 1 0.9999926090240479
0 0 0.9999954700469971
1 1 0.9999943971633911
0 0 1.0
0 0 0.9999998807907104
0 0 0.9999998807907104
1 1 0.9997289776802063
1 1 0.9999964237213135
1 1 0.9999986886978149
0 0 1.0
0 0 0.9999994039535522
1 1 0.9999974966049194
0 0 1.0
0 0 0.9999996423721313
0 0 0.9999964237213135
0 0 0.9999998807907104
0 0 1.0
0 0 1.0
1 1 0.9999988079071045
1 1 0.9999957084655762
0 0 1.0
1 1 0.9999982118606567
1 1 0.9999886751174927
0 0 0.9999998807907104
0 0 0.9999997615814209
1 1 0.9999961853027344
1 1 0.9999959468841553
1 1 0.9999946355819702
1 1 0.9999966621398926
0 0 0.9999998807907104
1 1 0.9999990463256836
0 0 1.0
1 1 0.9999980926513672
1 1 0.9999451637268066
1 1 0.9999954700469971
1 1 0.999985933303833
1 1 0.999996542930603
0 0 1.0
1 1 0.9999785423278809
1 1 0.9999980926513672
1 1 0.9999979734420776
1 1 0.9999948740005493
0 0 1.0
0 0 1.0
1 1 0.9999973773956299
1 1 0.9999966621398926
1 1 0.9999966621398926
1 1 0.9999905824661255
1 1 0.9999964237213135
0 0 0.9999998807907104
1 1 0.999997615814209
1 1 0.9999988079071045
1 1 0.9999969005584717
1 1 0.9999860525131226
1 1 0.9999972581863403
0 0 0.9999997615814209
1 1 0.9999964237213135
0 0 1.0
0 0 1.0
0 0 1.0
1 1 0.9999970197677612
1 1 0.9999891519546509
1 1 0.9999881982803345
1 1 0.9999885559082031
1 1 0.9999957084655762
0 0 0.9999998807907104
1 1 0.9999985694885254
0 0 1.0
0 0 0.9999982118606567
1 1 0.9999949932098389
1 1 0.9999953508377075
1 1 0.9999986886978149
1 1 0.9999946355819702
1 1 0.9999929666519165
1 1 0.9999967813491821
0 0 1.0
1 1 0.9999879598617554
1 1 0.9999973773956299
1 1 0.9999939203262329
0 0 0.9999992847442627
0 0 1.0
1 1 0.9999936819076538
1 1 0.9999994039535522
1 1 0.9999924898147583
1 1 0.999997615814209
0 0 0.9999998807907104
1 1 0.9999959468841553
1 1 0.9999991655349731
1 1 0.9999983310699463
0 0 1.0
1 1 0.9999970197677612
1 1 0.9999983310699463
1 1 0.9999967813491821
0 0 0.9999998807907104
0 0 1.0
1 1 0.9999960660934448
1 1 0.9999945163726807
1 1 0.9999934434890747
1 1 0.9998780488967896
1 1 0.9999979734420776
0 0 0.9999967813491821
0 0 1.0
0 0 0.9999986886978149
1 1 0.9999940395355225
1 1 0.9999963045120239
0 0 0.999998927116394
1 1 0.9999966621398926
1 1 0.999996542930603
1 1 0.9999796152114868
0 0 1.0
0 0 1.0
0 0 1.0
1 1 0.9999982118606567
1 1 0.9999955892562866
0 0 0.9999979734420776
0 0 0.9999998807907104
0 0 0.9999996423721313
1 1 0.9999970197677612
0 0 0.9999918937683105
1 1 0.9999964237213135
0 0 0.9999827146530151
1 1 0.9999983310699463
0 0 0.9999990463256836
1 1 0.9999896287918091
0 0 0.9999994039535522
0 0 0.9999998807907104
1 1 0.9999963045120239
0 0 0.9999997615814209
0 0 0.9999998807907104
1 1 0.9999986886978149
1 1 0.9999982118606567
1 1 0.9999973773956299
1 1 0.9999916553497314
0 0 0.9999997615814209
0 0 0.9999998807907104
1 1 0.9999842643737793
1 1 0.9999771118164062
1 1 0.9999915361404419
1 1 0.9999914169311523
1 1 0.9999970197677612
1 1 0.9999988079071045
1 1 0.9999954700469971
0 0 1.0
1 1 0.9999978542327881
0 0 0.9999998807907104
0 0 0.999994158744812
1 1 0.9999946355819702
0 0 1.0
0 0 1.0
1 1 0.9999953508377075
0 0 0.9999998807907104
0 0 0.9999994039535522
1 1 0.9999959468841553
0 0 1.0
1 1 0.9999947547912598
1 1 0.9999953508377075
1 1 0.9999796152114868
1 1 0.9999995231628418
0 0 0.9999998807907104
0 0 0.9999997615814209
1 1 0.999996542930603
1 1 0.9999973773956299
1 1 0.9999923706054688
1 1 0.9999973773956299
0 0 0.9999998807907104
0 0 0.9999998807907104
1 1 0.9999972581863403
0 0 0.9999997615814209
0 0 0.9999998807907104
1 1 0.9999899864196777
0 0 0.9999998807907104
1 1 0.9999979734420776
0 0 1.0
0 0 1.0
0 0 1.0
1 1 0.9999960660934448
0 0 0.9999998807907104
0 0 0.9999998807907104
1 1 0.999997615814209
0 0 0.9999994039535522
0 0 0.9999998807907104
1 1 0.999997615814209
0 0 0.9999997615814209
0 0 1.0
1 1 0.999996542930603
0 0 1.0
0 0 1.0
0 0 0.9999996423721313
0 0 0.9999997615814209
1 1 0.999946117401123
