0.9999998807907104
0.9999994039535522
0.9999979734420776
1.0
0.9999997615814209
0.9999994039535522
1.0
1.0
0.9999959468841553
1.0
0.9999954700469971
0.9999964237213135
0.9999998807907104
0.999996542930603
1.0
0.9999980926513672
0.9999979734420776
0.9999957084655762
0.9999942779541016
0.9930597543716431
0.9999856948852539
0.9999953508377075
0.9999994039535522
0.9999977350234985
0.9999825954437256
0.9999995231628418
0.9999997615814209
0.9918488264083862
0.9999984502792358
0.9999972581863403
0.9999972581863403
0.9999988079071045
0.9999998807907104
0.9999963045120239
0.9999988079071045
1.0
0.9999991655349731
1.0
1.0
0.9999970197677612
0.999997615814209
1.0
0.9999889135360718
0.9999964237213135
0.999992847442627
0.9999920129776001
0.999996542930603
0.9999998807907104
1.0
0.9952855706214905
0.9999992847442627
1.0
0.9999940395355225
0.9999955892562866
1.0
0.9999961853027344
0.9999934434890747
1.0
0.9999997615814209
0.999996542930603
1.0
0.9999997615814209
1.0
1.0
0.9999902248382568
0.9999998807907104
0.9999973773956299
1.0
0.9999624490737915
1.0
0.9999995231628418
0.9999973773956299
0.9999972581863403
0.9999948740005493
1.0
0.9999943971633911
0.9999992847442627
0.9999983310699463
0.9999921321868896
1.0
0.9999994039535522
0.999932050704956
0.9999977350234985
1.0
0.9999964237213135
0.999715268611908
0.9999998807907104
0.9999961853027344
0.9999991655349731
1.0
0.9999992847442627
0.9999977350234985
0.9999969005584717
0.9999986886978149
0.9999996423721313
0.9999456405639648
1.0
0.9999966621398926
0.9999955892562866
0.9999963045120239
1.0
1.0
0.9999984502792358
0.9999974966049194
0.999993085861206
1.0
1.0
0.9999998807907104
0.9999974966049194
1.0
0.9999996423721313
0.9999998807907104
0.9999996423721313
1.0
0.9999998807907104
0.9999964237213135
0.9999982118606567
0.9999942779541016
0.9999988079071045
0.9999796152114868
0.9999990463256836
0.9999978542327881
0.9999997615814209
0.9999971389770508
0.9999985694885254
0.999985933303833
0.9999998807907104
1.0
0.9999998807907104
0.9999769926071167
0.9999977350234985
0.999998927116394
0.999993085861206
1.0
0.9999998807907104
0.9999982118606567
0.9999980926513672
0.9999998807907104
0.9999957084655762
1.0
1.0
0.9999984502792358
0.999997615814209
0.9999995231628418
0.9999903440475464
0.9999998807907104
0.9999980926513672
0.9999938011169434
1.0
0.9999967813491821
0.9999998807907104
0.9999996423721313
0.9999990463256836
0.9999833106994629
0.9999954700469971
0.9999994039535522
0.9999979734420776
0.9999994039535522
0.9999942779541016
0.9999984502792358
0.9999868869781494
0.9999701976776123
1.0
0.9999936819076538
0.9999960660934448
0.9999991655349731
0.9999970197677612
0.9999998807907104
0.9999992847442627
0.9987767338752747
0.9999946355819702
0.9999994039535522
1.0
0.9999939203262329
0.9999959468841553
0.9999994039535522
0.9999840259552002
1.0
0.9999988079071045
0.9999980926513672
0.9999998807907104
0.9999998807907104
1.0
0.9999998807907104
1.0
0.9999940395355225
0.9999988079071045
0.9999990463256836
1.0
0.9995312690734863
0.9999947547912598
0.9999979734420776
1.0
0.9999991655349731
0.9999998807907104
0.9999954700469971
1.0
0.9999998807907104
1.0
1.0
0.9999961853027344
1.0
0.9999998807907104
0.9999955892562866
1.0
0.9999942779541016
0.9999951124191284
0.9999982118606567
1.0
1.0
0.9999979734420776
0.9999997615814209
0.9999994039535522
0.999996542930603
0.9999967813491821
0.999997615814209
0.9999935626983643
0.9999790191650391
0.9999947547912598
0.999998927116394
0.9999998807907104
0.9999979734420776
0.9999985694885254
0.9999992847442627
0.9999523162841797
1.0
1.0
0.9999969005584717
0.9999998807907104
0.9999971389770508
0.9999998807907104
0.9999972581863403
0.9999980926513672
0.9999934434890747
0.9999947547912598
0.9999998807907104
1.0
1.0
0.9999995231628418
0.9767124056816101
1.0
0.9999998807907104
0.9999971389770508
0.9999969005584717
0.9999988079071045
0.9999955892562866
0.9999990463256836
0.9999972581863403
0.999996542930603
1.0
0.9999927282333374
0.9999972581863403
0.9999970197677612
1.0
0.9999997615814209
0.9999891519546509
0.9999998807907104
0.9999998807907104
0.9999997615814209
0.9999991655349731
0.9999945163726807
0.9999945163726807
0.9999990463256836
0.9999985694885254
0.9999967813491821
0.9999998807907104
0.9999797344207764
0.9972297549247742
1.0
0.9999998807907104
0.9999985694885254
0.9999953508377075
0.9999998807907104
0.9999994039535522
0.999997615814209
0.9999498128890991
0.9999891519546509
1.0
0.9999967813491821
1.0
0.9999998807907104
0.9999998807907104
1.0
0.9999974966049194
0.9999990463256836
0.9999756813049316
0.9999964237213135
1.0
0.999998927116394
0.9999996423721313
1.0
0.9999998807907104
0.9999997615814209
0.9999997615814209
0.9999949932098389
0.9999998807907104
1.0
1.0
0.9999958276748657
0.9999972581863403
0.9999908208847046
0.999992847442627
1.0
0.9615176916122437
0.9999940395355225
0.9999992847442627
0.9999992847442627
0.9999997615814209
1.0
1.0
0.9999996423721313
0.9999978542327881
0.9999994039535522
0.9999958276748657
0.9999967813491821
0.9999977350234985
0.9999992847442627
1.0
1.0
0.9999974966049194
1.0
0.9999997615814209
0.9999992847442627
0.9999961853027344
0.9999984502792358
0.9999995231628418
0.999995231628418
0.9999771118164062
0.9999668598175049
1.0
0.9999982118606567
1.0
0.9999997615814209
1.0
0.9999998807907104
0.9999996423721313
0.9999942779541016
0.9999903440475464
1.0
1.0
1.0
0.9999933242797852
0.9999988079071045
0.9999949932098389
0.9999990463256836
0.9999969005584717
0.9999998807907104
0.9999998807907104
0.9999973773956299
0.9999980926513672
0.999996542930603
1.0
0.9999979734420776
1.0
0.9999983310699463
0.999993085861206
0.9999979734420776
0.9999997615814209
0.9999592304229736
1.0
1.0
0.9999997615814209
0.999997615814209
0.9999971389770508
0.9999991655349731
1.0
0.9999961853027344
0.9999967813491821
1.0
0.9999943971633911
1.0
0.999998927116394
0.9999995231628418
0.9999982118606567
0.9999998807907104
1.0
0.9999998807907104
0.9999611377716064
0.9999998807907104
0.9999983310699463
0.9999959468841553
1.0
0.9999973773956299
0.517316997051239
0.9999953508377075
0.9999957084655762
0.9999990463256836
0.9999998807907104
0.9999995231628418
0.9999982118606567
0.9999977350234985
0.9999954700469971
0.9999966621398926
0.9999998807907104
1.0
0.9999966621398926
0.9999991655349731
0.9999990463256836
0.9999849796295166
0.99998939037323
0.9999982118606567
0.9999998807907104
0.9999988079071045
0.9999973773956299
0.9999916553497314
0.9999974966049194
0.9999980926513672
1.0
0.9999935626983643
0.6514201164245605
1.0
1.0
0.9996719360351562
0.9999995231628418
0.9999979734420776
0.9999969005584717
0.9999980926513672
0.999997615814209
0.9999942779541016
0.9999991655349731
0.999996542930603
0.9999959468841553
0.9999945163726807
0.9999986886978149
0.9999958276748657
1.0
1.0
0.9999967813491821
1.0
0.9999995231628418
0.9999977350234985
0.9999984502792358
0.999997615814209
0.9999995231628418
1.0
0.9999998807907104
0.9999978542327881
0.9999748468399048
0.999998927116394
0.9999973773956299
1.0
0.999998927116394
0.9999983310699463
0.9999988079071045
0.9999972581863403
0.9999767541885376
0.999998927116394
0.9999958276748657
0.9999984502792358
0.9999912977218628
0.9999967813491821
0.9999949932098389
0.9999980926513672
0.9999998807907104
0.9999983310699463
0.999997615814209
0.9999912977218628
0.9999948740005493
1.0
0.999998927116394
0.9999856948852539
0.9999998807907104
0.9999898672103882
1.0
0.9998949766159058
0.999996542930603
0.9999998807907104
0.999997615814209
0.9999957084655762
0.9999281167984009
0.999997615814209
1.0
0.9999997615814209
1.0
0.9999998807907104
0.9999977350234985
0.9999992847442627
0.9999995231628418
0.9999948740005493
1.0
0.9999994039535522
0.9999995231628418
0.9999936819076538
0.9999998807907104
0.9999995231628418
0.9999927282333374
1.0
0.9999954700469971
0.9999988079071045
0.9999933242797852
1.0
0.9999997615814209
0.9999958276748657
0.9999996423721313
0.9999998807907104
0.9999998807907104
0.9999977350234985
0.9999985694885254
0.9999972581863403
0.9999045133590698
1.0
0.999997615814209
0.9999977350234985
1.0
0.999996542930603
1.0
0.9999915361404419
1.0
0.9999997615814209
0.9999992847442627
0.9999885559082031
1.0
0.9999980926513672
0.9999997615814209
0.9999954700469971
0.9999998807907104
0.9999998807907104
0.9999994039535522
1.0
1.0
1.0
1.0
1.0
0.9999948740005493
0.9999986886978149
0.9999942779541016
0.9999996423721313
0.999998927116394
0.999994158744812
1.0
0.9999996423721313
0.9999971389770508
0.9999969005584717
0.9999998807907104
1.0
0.9999970197677612
0.9999611377716064
0.9999958276748657
1.0
1.0
0.9999991655349731
0.9999939203262329
0.9999967813491821
0.9999998807907104
0.9999966621398926
0.999995231628418
1.0
1.0
0.9999986886978149
0.9999998807907104
0.9999998807907104
0.999998927116394
0.9999178647994995
1.0
0.9999998807907104
1.0
0.9999995231628418
0.9999990463256836
1.0
0.9999980926513672
0.9999998807907104
0.9999908208847046
0.9999998807907104
0.9999955892562866
0.999995231628418
0.9999970197677612
1.0
0.9995409250259399
1.0
1.0
1.0
1.0
0.9999951124191284
0.9999817609786987
0.9999998807907104
0.9999970197677612
0.9999977350234985
0.9999922513961792
0.9999996423721313
0.9999961853027344
0.9999839067459106
0.9999977350234985
0.9999904632568359
0.9999810457229614
0.9999967813491821
0.9999992847442627
1.0
0.9999604225158691
0.9999998807907104
0.9999982118606567
1.0
0.9999998807907104
0.9999992847442627
0.9999998807907104
0.9999998807907104
0.9999940395355225
0.9999984502792358
0.999998927116394
0.999995231628418
0.9999970197677612
1.0
1.0
0.9999910593032837
0.9999954700469971
1.0
1.0
0.9999978542327881
0.9999966621398926
0.9999971389770508
0.999990701675415
0.9999997615814209
0.999998927116394
0.9999997615814209
0.9999996423721313
0.9999998807907104
0.9999957084655762
0.9999998807907104
0.9999940395355225
0.9999963045120239
0.9999971389770508
0.9990835189819336
0.9999997615814209
0.9999899864196777
0.9999996423721313
0.9999980926513672
0.9999988079071045
1.0
0.9999996423721313
0.9999997615814209
0.9999990463256836
1.0
0.9999967813491821
0.999997615814209
0.9999939203262329
0.9999991655349731
0.9999825954437256
0.999976396560669
0.9999945163726807
0.9999995231628418
0.9999970197677612
0.999996542930603
1.0
1.0
1.0
0.9999997615814209
0.9999945163726807
0.9999977350234985
0.9999998807907104
0.9999887943267822
0.9999889135360718
1.0
1.0
1.0
0.9999994039535522
0.9999998807907104
0.9993054866790771
0.9999995231628418
0.9999984502792358
0.9999978542327881
0.9999997615814209
0.9999969005584717
0.9999997615814209
0.9999996423721313
0.9999959468841553
0.9999716281890869
0.9999984502792358
1.0
0.9999977350234985
0.999997615814209
0.9999979734420776
0.9999995231628418
0.999997615814209
0.9999948740005493
1.0
1.0
0.9999998807907104
0.9999946355819702
0.9999998807907104
1.0
0.9999997615814209
0.9999963045120239
0.9999344348907471
1.0
0.9999998807907104
0.9999932050704956
1.0
1.0
1.0
0.9999986886978149
0.9999998807907104
0.999997615814209
0.9999995231628418
1.0
0.9999927282333374
0.9999955892562866
0.9999996423721313
0.9999866485595703
1.0
0.9999998807907104
1.0
0.999993085861206
0.999996542930603
0.9999982118606567
0.999996542930603
0.9999978542327881
0.9999934434890747
0.9999924898147583
0.9999970197677612
0.999996542930603
0.9999998807907104
0.9999971389770508
0.9999874830245972
0.9999990463256836
1.0
0.9999998807907104
0.9999964237213135
1.0
0.9999982118606567
0.9999979734420776
0.9999898672103882
0.9999998807907104
0.9999994039535522
0.9999970197677612
0.9999980926513672
0.9999972581863403
1.0
0.9999285936355591
1.0
0.9999943971633911
0.9999973773956299
0.9999983310699463
0.9999998807907104
1.0
0.999994158744812
0.9999978542327881
0.9999997615814209
0.9999977350234985
0.9999967813491821
0.9999966621398926
0.9999991655349731
0.9999970197677612
1.0
0.9999991655349731
0.9999992847442627
0.9999957084655762
1.0
0.9999992847442627
1.0
1.0
0.9999980926513672
0.9999977350234985
0.9999998807907104
0.9999972581863403
0.9999958276748657
0.9999916553497314
0.9999997615814209
1.0
1.0
0.9999998807907104
0.9999998807907104
0.9999996423721313
0.9999969005584717
1.0
1.0
0.9999996423721313
0.9999984502792358
1.0
0.9989087581634521
0.9999856948852539
0.999997615814209
0.999995231628418
0.9999997615814209
0.9999990463256836
0.9999997615814209
0.9999996423721313
0.9999939203262329
0.999998927116394
0.9999980926513672
0.9999904632568359
0.9999988079071045
0.9999954700469971
0.999995231628418
0.9999964237213135
0.9999969005584717
0.9999997615814209
0.9999998807907104
0.9999990463256836
0.9999977350234985
0.9999992847442627
0.9999985694885254
0.9999997615814209
0.9999998807907104
0.9999994039535522
0.9999997615814209
0.9999992847442627
0.9999961853027344
1.0
0.9999995231628418
0.999647855758667
0.9999992847442627
0.999716579914093
0.9999905824661255
0.9999969005584717
1.0
0.9999868869781494
0.9999967813491821
0.999994158744812
1.0
0.9999986886978149
0.9995753169059753
0.9999951124191284
0.9999982118606567
0.9999997615814209
0.999991774559021
0.9999998807907104
0.999997615814209
0.9999998807907104
0.9999998807907104
0.9999985694885254
1.0
0.9999994039535522
0.9999998807907104
0.9999955892562866
1.0
0.999996542930603
0.9999964237213135
1.0
0.9999997615814209
0.9999977350234985
0.9999973773956299
0.9999970197677612
0.9999942779541016
0.9999932050704956
1.0
0.9999984502792358
1.0
0.9999988079071045
1.0
0.9999967813491821
0.9999994039535522
0.9999977350234985
1.0
1.0
0.9999985694885254
0.9995852112770081
1.0
0.9999978542327881
0.9999998807907104
0.9999998807907104
0.9999840259552002
0.9999971389770508
0.9999599456787109
0.9999973773956299
0.9999430179595947
0.9999997615814209
0.999997615814209
0.9999998807907104
1.0
0.9999973773956299
0.9999915361404419
0.9999994039535522
0.9999896287918091
1.0
0.9999997615814209
1.0
0.9999992847442627
0.9999998807907104
0.9999951124191284
0.9999983310699463
0.9999945163726807
0.9999972581863403
0.9999977350234985
1.0
0.9999922513961792
0.9999957084655762
0.999997615814209
0.9999017715454102
0.9999998807907104
0.9999955892562866
1.0
1.0
0.9999994039535522
0.9999986886978149
0.9999955892562866
0.9999998807907104
0.9999889135360718
0.999995231628418
1.0
0.9999998807907104
1.0
0.9999994039535522
1.0
0.9999998807907104
1.0
0.9999998807907104
0.9999932050704956
0.9999977350234985
0.9999991655349731
0.9999927282333374
0.9999986886978149
0.9999988079071045
1.0
0.9999967813491821
0.9999995231628418
0.9999991655349731
0.9999998807907104
0.9999998807907104
0.9999998807907104
0.9999973773956299
0.9999985694885254
1.0
0.9999995231628418
1.0
1.0
0.9999978542327881
0.9999980926513672
1.0
0.9999924898147583
0.9999990463256836
0.9999934434890747
0.9999996423721313
0.9999465942382812
0.9999977350234985
1.0
0.9999948740005493
0.999997615814209
0.9999994039535522
0.9999997615814209
0.9999996423721313
0.9999998807907104
0.9999973773956299
0.9999982118606567
1.0
0.9999957084655762
0.9999995231628418
0.9999964237213135
0.999997615814209
1.0
0.999997615814209
0.9999997615814209
0.9999992847442627
0.9999998807907104
0.9999963045120239
0.9999998807907104
0.9999970197677612
0.9999991655349731
1.0
0.9999970197677612
0.9999980926513672
0.9999997615814209
0.9999967813491821
0.9999961853027344
0.9999996423721313
0.9999995231628418
1.0
0.9999995231628418
0.9961667656898499
0.9999991655349731
1.0
0.999996542930603
0.9999998807907104
0.9999954700469971
1.0
0.9999991655349731
0.9999756813049316
0.999998927116394
0.9999945163726807
0.9999997615814209
0.9999953508377075
1.0
1.0
0.9999995231628418
0.9999998807907104
0.9999994039535522
0.9999969005584717
0.9999915361404419
0.9999994039535522
0.9999977350234985
1.0
0.9999911785125732
0.9999979734420776
0.9999960660934448
0.9999971389770508
0.9999998807907104
0.9999996423721313
0.9999969005584717
0.9999949932098389
0.9999933242797852
0.9999949932098389
0.999998927116394
0.9999960660934448
1.0
0.9999934434890747
0.9999998807907104
1.0
1.0
0.9999988079071045
0.9999998807907104
0.9999954700469971
0.9999997615814209
0.9999929666519165
0.999997615814209
0.9999980926513672
0.9999967813491821
0.9999998807907104
0.999994158744812
0.9999852180480957
0.9999998807907104
0.9999982118606567
0.9999990463256836
0.9999982118606567
0.9999995231628418
0.9999998807907104
1.0
1.0
0.9999915361404419
1.0
0.9999997615814209
1.0
0.9999961853027344
0.9999964237213135
0.9999985694885254
0.9999996423721313
0.9999998807907104
0.9999998807907104
0.9999997615814209
0.9996839761734009
0.9999923706054688
0.9999991655349731
0.9999994039535522
0.9999982118606567
0.9999983310699463
0.9999985694885254
0.9999985694885254
0.9999998807907104
0.9999927282333374
0.9999990463256836
0.9999998807907104
1.0
0.9999980926513672
0.9999969005584717
0.9999984502792358
0.999992847442627
1.0
0.9999998807907104
0.9999990463256836
0.9999924898147583
0.9999170303344727
0.9999948740005493
1.0
0.9999868869781494
0.9999984502792358
1.0
1.0
0.9999994039535522
0.9999984502792358
0.9999998807907104
1.0
0.9999938011169434
0.9972913861274719
1.0
0.9999998807907104
0.9999946355819702
1.0
0.9999998807907104
0.999998927116394
1.0
0.9999997615814209
0.9990480542182922
0.9999998807907104
0.9999998807907104
0.9999967813491821
0.9999959468841553
0.9999998807907104
1.0
0.9999991655349731
0.9999996423721313
0.999390721321106
0.9999966621398926
0.9999927282333374
0.9999985694885254
0.9999986886978149
0.9999979734420776
1.0
0.9999997615814209
0.9999735355377197
0.9995637536048889
0.9999827146530151
0.999990701675415
1.0
0.9999960660934448
0.9999974966049194
0.9999994039535522
0.9235074520111084
0.9999979734420776
0.9999933242797852
0.9999997615814209
0.9999984502792358
0.999990701675415
0.9999992847442627
0.9999680519104004
1.0
0.9999982118606567
0.999983549118042
0.9999967813491821
0.9999945163726807
1.0
0.9999974966049194
0.9999998807907104
0.9999964237213135
0.999996542930603
1.0
0.9999996423721313
0.9999977350234985
0.9999997615814209
0.9999997615814209
0.9999897480010986
0.999987006187439
0.9999998807907104
0.9999961853027344
0.9999992847442627
0.9999926090240479
0.9999996423721313
1.0
0.9999955892562866
0.9999924898147583
0.9999980926513672
0.9999998807907104
0.999993085861206
1.0
0.9999998807907104
0.9999977350234985
0.9999991655349731
0.9999997615814209
0.9999948740005493
0.999996542930603
0.9999988079071045
0.9999946355819702
0.9999990463256836
0.9999985694885254
0.9999986886978149
0.9999959468841553
0.9999984502792358
0.9999973773956299
0.9999997615814209
0.9999954700469971
0.9999995231628418
0.9999959468841553
0.9999979734420776
0.9999979734420776
0.9999939203262329
0.9999967813491821
1.0
1.0
0.9999979734420776
0.9999988079071045
0.9999967813491821
1.0
0.9999998807907104
0.9999954700469971
0.9999990463256836
0.9999985694885254
0.9999955892562866
0.9999995231628418
0.9999991655349731
0.9999994039535522
1.0
1.0
0.9999918937683105
0.9999839067459106
0.9999998807907104
0.9999909400939941
0.9999948740005493
0.9999995231628418
0.9999951124191284
0.9999992847442627
0.9999886751174927
0.9999990463256836
0.9999994039535522
1.0
0.9999973773956299
0.9999970197677612
0.999998927116394
0.9999996423721313
0.9999994039535522
1.0
0.9999980926513672
0.9999498128890991
1.0
0.9999945163726807
0.9999998807907104
0.9999934434890747
0.9999980926513672
0.9999940395355225
0.9999912977218628
0.9999786615371704
1.0
1.0
0.9999970197677612
0.9999994039535522
0.9999958276748657
0.9999961853027344
1.0
1.0
1.0
0.999996542930603
0.9997689127922058
1.0
1.0
0.9999998807907104
0.9999886751174927
1.0
0.9999947547912598
0.9999940395355225
0.9999946355819702
1.0
0.999998927116394
0.9999980926513672
0.9999862909317017
1.0
0.9999998807907104
0.9999936819076538
0.9999998807907104
0.9999619722366333
0.9999939203262329
0.9999877214431763
1.0
0.9999996423721313
1.0
0.9999994039535522
0.9999996423721313
0.9999971389770508
0.9999984502792358
0.9999963045120239
1.0
0.9999998807907104
0.9999997615814209
0.9999995231628418
0.9999980926513672
0.9998181462287903
1.0
0.9999990463256836
1.0
0.999997615814209
0.9999998807907104
0.9999960660934448
1.0
0.999996542930603
1.0
0.9999969005584717
0.9999961853027344
0.9999992847442627
0.9999998807907104
0.999993085861206
0.9999984502792358
0.9999998807907104
0.9999895095825195
0.9999865293502808
1.0
0.9999969005584717
0.9999966621398926
0.9999984502792358
0.9999994039535522
0.9999985694885254
0.9999971389770508
1.0
0.9999992847442627
0.9999936819076538
0.9999884366989136
0.9999998807907104
0.9999998807907104
0.9999990463256836
0.9999991655349731
0.999998927116394
0.9999977350234985
0.9999792575836182
0.9999998807907104
0.9999984502792358
1.0
1.0
0.9999996423721313
0.9999996423721313
0.9999969005584717
1.0
0.9999998807907104
0.9999995231628418
1.0
0.9999997615814209
0.9999957084655762
0.9999997615814209
0.9999991655349731
0.9999942779541016
0.9999980926513672
0.9999983310699463
0.9999969005584717
0.9999977350234985
1.0
0.9999991655349731
0.9999946355819702
1.0
0.9999990463256836
0.9999904632568359
0.999992847442627
1.0
0.9999954700469971
1.0
0.9999958276748657
0.9999995231628418
0.9999982118606567
1.0
0.9999926090240479
0.9999841451644897
0.9999995231628418
0.9999997615814209
0.9998384714126587
1.0
1.0
1.0
0.9999916553497314
0.9999958276748657
0.9999959468841553
0.9999998807907104
0.9999998807907104
0.9999998807907104
0.9999998807907104
0.9999958276748657
0.9999966621398926
0.9999980926513672
1.0
1.0
0.9999974966049194
0.9999970197677612
0.999994158744812
1.0
1.0
0.9999973773956299
1.0
1.0
1.0
0.9999831914901733
1.0
1.0
0.9999998807907104
0.9999983310699463
0.9999994039535522
0.9999942779541016
1.0
0.9999992847442627
0.9999985694885254
1.0
0.999998927116394
0.9999998807907104
1.0
0.9993093013763428
0.9999998807907104
0.9999982118606567
0.9999992847442627
0.9999995231628418
0.9999997615814209
0.9999997615814209
1.0
0.9999994039535522
0.9998254179954529
0.9999932050704956
0.9999998807907104
0.9999958276748657
0.9999973773956299
0.9999935626983643
0.9999973773956299
0.9999998807907104
0.9999991655349731
0.999994158744812
1.0
0.9999980926513672
1.0
0.9999902248382568
1.0
1.0
0.9999998807907104
0.9999954700469971
0.9999997615814209
0.9999972581863403
1.0
0.9999969005584717
1.0
1.0
1.0
1.0
0.9999926090240479
0.9999992847442627
1.0
0.9999996423721313
0.9999934434890747
0.9999997615814209
0.9999921321868896
0.9999995231628418
0.9999978542327881
0.9999938011169434
0.9999957084655762
0.999995231628418
0.9999955892562866
0.9999960660934448
0.9999899864196777
1.0
0.9999997615814209
0.9999996423721313
0.9999887943267822
1.0
0.9999951124191284
0.9999990463256836
0.9999921321868896
0.9999998807907104
0.9999979734420776
0.9999963045120239
0.9999946355819702
0.9999973773956299
0.9999979734420776
0.9997500777244568
0.9999998807907104
0.9999994039535522
0.9999990463256836
0.9999929666519165
0.9980555772781372
0.9999935626983643
1.0
0.9999966621398926
0.9999994039535522
0.9999995231628418
0.9999961853027344
0.9999997615814209
0.9999960660934448
0.9999926090240479
0.9999843835830688
0.9999994039535522
0.9999998807907104
0.9999881982803345
0.9999977350234985
0.9999991655349731
0.999998927116394
1.0
0.9999997615814209
0.9999998807907104
0.9999998807907104
1.0
0.9999998807907104
0.9999979734420776
0.9999876022338867
0.9999995231628418
0.9999978542327881
0.9999997615814209
0.999991774559021
0.9999982118606567
0.9999971389770508
0.9999978542327881
0.9999972581863403
0.9999990463256836
0.9999974966049194
0.9999957084655762
0.9999997615814209
1.0
0.9999963045120239
0.9999996423721313
0.9999970197677612
1.0
0.9999996423721313
1.0
0.9999996423721313
0.999997615814209
0.9999983310699463
0.9999934434890747
0.999996542930603
1.0
1.0
0.9999973773956299
0.9999998807907104
0.9999996423721313
0.9999998807907104
0.9999998807907104
0.9999998807907104
0.9999980926513672
1.0
0.9999998807907104
1.0
0.9999868869781494
0.9999995231628418
0.9999995231628418
0.9999946355819702
0.9999966621398926
0.9999955892562866
0.9999998807907104
0.9999916553497314
1.0
0.999995231628418
0.9999998807907104
0.9999934434890747
0.9999796152114868
0.999996542930603
0.9999958276748657
1.0
0.9999998807907104
0.9999992847442627
0.9999970197677612
0.9999934434890747
0.9994458556175232
0.9999992847442627
0.9999995231628418
0.999997615814209
0.9999889135360718
1.0
0.9999791383743286
1.0
0.9999934434890747
0.9999960660934448
0.9999678134918213
1.0
0.9999945163726807
0.9999996423721313
1.0
0.9999980926513672
0.9999983310699463
0.9999979734420776
0.9999998807907104
1.0
0.9999998807907104
0.9999995231628418
0.9999995231628418
0.9999915361404419
0.9999986886978149
0.9999991655349731
0.999998927116394
0.9999915361404419
1.0
0.999998927116394
0.9999958276748657
0.9999998807907104
0.999996542930603
0.9999984502792358
1.0
0.9999991655349731
0.999987006187439
0.9997840523719788
0.9999887943267822
1.0
0.9999970197677612
0.9999991655349731
0.999996542930603
0.9999998807907104
0.9999997615814209
0.9999992847442627
1.0
0.9999971389770508
0.9999942779541016
0.9999853372573853
0.9999994039535522
0.9999996423721313
0.999963641166687
0.9999988079071045
1.0
0.9999994039535522
0.9999938011169434
0.9999997615814209
0.9999992847442627
0.9999991655349731
0.9999979734420776
0.9999760389328003
0.9999966621398926
1.0
0.9999983310699463
0.9999996423721313
0.9999972581863403
1.0
0.9999964237213135
0.9999997615814209
1.0
0.9999979734420776
0.9999997615814209
0.9998823404312134
0.9999980926513672
0.9999954700469971
0.9999996423721313
1.0
0.9999972581863403
0.9999951124191284
0.9999998807907104
1.0
0.9999940395355225
0.9999988079071045
1.0
0.9999982118606567
0.9999988079071045
0.9999833106994629
0.999992847442627
0.999997615814209
0.9999918937683105
0.9999994039535522
1.0
0.9999998807907104
0.9999994039535522
0.9999995231628418
0.9999959468841553
0.9999998807907104
0.9999986886978149
0.9999998807907104
0.9999978542327881
0.9999943971633911
0.9999995231628418
1.0
0.9999970197677612
0.9999982118606567
0.9999998807907104
0.9999818801879883
0.9999992847442627
1.0
0.9999998807907104
0.9999998807907104
0.9999972581863403
1.0
0.999998927116394
0.9999998807907104
0.9999984502792358
0.9999762773513794
1.0
0.9999880790710449
0.9999911785125732
0.9999995231628418
0.9999973773956299
0.9999947547912598
0.999991774559021
0.9999969005584717
1.0
0.999997615814209
0.9999951124191284
0.9999995231628418
0.9999966621398926
1.0
0.9999583959579468
0.999996542930603
0.9999998807907104
0.9999887943267822
0.9999997615814209
0.9999927282333374
1.0
1.0
0.999996542930603
0.9989393353462219
1.0
0.999996542930603
0.9999599456787109
0.9999996423721313
0.9999998807907104
0.9999978542327881
0.9999995231628418
0.9999942779541016
0.9999977350234985
1.0
0.99998939037323
0.9999959468841553
1.0
0.9999982118606567
0.9999988079071045
0.9999997615814209
1.0
0.9999998807907104
0.9999977350234985
0.9999998807907104
0.9999891519546509
1.0
0.9999932050704956
1.0
0.9999998807907104
0.9999927282333374
0.9999938011169434
0.9999983310699463
1.0
1.0
0.9999994039535522
1.0
0.9999831914901733
1.0
1.0
1.0
0.9999959468841553
0.9999998807907104
0.999993085861206
0.9999982118606567
0.999991774559021
0.9999955892562866
1.0
0.999997615814209
0.999997615814209
0.999998927116394
0.99998939037323
1.0
0.9999910593032837
0.9999982118606567
0.9999997615814209
0.9999978542327881
0.9999982118606567
0.9999998807907104
0.9999531507492065
0.9999946355819702
0.9999990463256836
0.9999992847442627
0.9999980926513672
0.9999938011169434
0.999992847442627
0.9999972581863403
1.0
0.9999998807907104
1.0
1.0
0.9999998807907104
0.999998927116394
0.9999974966049194
0.9999997615814209
1.0
0.999997615814209
1.0
0.9999936819076538
0.9999996423721313
0.9999996423721313
1.0
0.999998927116394
0.9999973773956299
0.9999997615814209
0.999997615814209
0.9999978542327881
0.9999935626983643
0.9999983310699463
0.9999992847442627
1.0
0.9999986886978149
1.0
0.9999998807907104
0.9999854564666748
0.9999995231628418
0.999995231628418
0.9999936819076538
0.9999972581863403
0.9999971389770508
1.0
0.999980092048645
0.9999982118606567
0.9999998807907104
0.9999843835830688
0.9999865293502808
0.9999998807907104
0.9999991655349731
0.9999998807907104
0.9999992847442627
0.9999995231628418
0.999993085861206
0.9999955892562866
0.9999881982803345
0.9999926090240479
0.9999998807907104
0.9999995231628418
1.0
0.9999998807907104
1.0
0.9999923706054688
1.0
0.9999814033508301
0.9999983310699463
1.0
0.9999997615814209
0.9999994039535522
0.9999967813491821
0.9999998807907104
1.0
0.9999985694885254
0.9999996423721313
0.9999970197677612
0.9999990463256836
1.0
1.0
1.0
0.9999998807907104
0.9999994039535522
1.0
0.9999957084655762
0.999996542930603
0.9999998807907104
0.9999982118606567
0.9999977350234985
0.9999957084655762
0.9999997615814209
0.9999955892562866
1.0
0.9999997615814209
1.0
0.9999970197677612
0.9999982118606567
0.9999982118606567
1.0
0.9999957084655762
0.9999957084655762
1.0
1.0
0.9999994039535522
0.9999986886978149
0.9999957084655762
0.9999998807907104
0.9999964237213135
0.9999991655349731
0.9999974966049194
0.9999946355819702
1.0
0.9999997615814209
1.0
0.9999998807907104
0.9999992847442627
0.9999991655349731
0.9999998807907104
1.0
0.9999991655349731
0.9999966621398926
0.999993085861206
1.0
0.9999998807907104
0.9999898672103882
0.9999934434890747
1.0
0.9999998807907104
1.0
0.9999988079071045
0.9999983310699463
0.9999996423721313
1.0
0.9999979734420776
1.0
0.9999986886978149
0.999996542930603
0.9999991655349731
0.9999984502792358
0.9999997615814209
0.9999996423721313
0.9999920129776001
0.999998927116394
1.0
0.9999986886978149
1.0
0.9999980926513672
0.9999992847442627
0.999996542930603
1.0
0.9999986886978149
0.9999998807907104
1.0
1.0
0.9999997615814209
0.9999998807907104
1.0
0.9999974966049194
1.0
1.0
0.9999986886978149
0.9999998807907104
0.9999983310699463
0.9922021627426147
0.9999998807907104
0.9999998807907104
0.9999995231628418
0.9999959468841553
0.9999979734420776
1.0
0.9999982118606567
0.9999988079071045
0.9999996423721313
0.9999940395355225
0.9999983310699463
0.9999998807907104
0.9999969005584717
0.9999974966049194
1.0
0.9999669790267944
0.9999998807907104
0.9999973773956299
0.9999996423721313
0.9999978542327881
0.9999977350234985
0.9999934434890747
0.999998927116394
0.9999655485153198
1.0
0.9999997615814209
1.0
0.9999971389770508
0.9999983310699463
0.9999940395355225
0.9999995231628418
1.0
0.9999994039535522
1.0
0.9999936819076538
0.9999998807907104
0.9999997615814209
0.999988317489624
0.9999984502792358
1.0
0.9999790191650391
0.9999984502792358
0.9999963045120239
0.9999978542327881
0.9999939203262329
0.9999970197677612
0.9999997615814209
0.9999954700469971
1.0
0.9999974966049194
0.9999926090240479
0.9999954700469971
0.9999943971633911
1.0
0.9999998807907104
0.9999998807907104
0.9997289776802063
0.9999964237213135
0.9999986886978149
1.0
0.9999994039535522
0.9999974966049194
1.0
0.9999996423721313
0.9999964237213135
0.9999998807907104
1.0
1.0
0.9999988079071045
0.9999957084655762
1.0
0.9999982118606567
0.9999886751174927
0.9999998807907104
0.9999997615814209
0.9999961853027344
0.9999959468841553
0.9999946355819702
0.9999966621398926
0.9999998807907104
0.9999990463256836
1.0
0.9999980926513672
0.9999451637268066
0.9999954700469971
0.999985933303833
0.999996542930603
1.0
0.9999785423278809
0.9999980926513672
0.9999979734420776
0.9999948740005493
1.0
1.0
0.9999973773956299
0.9999966621398926
0.9999966621398926
0.9999905824661255
0.9999964237213135
0.9999998807907104
0.999997615814209
0.9999988079071045
0.9999969005584717
0.9999860525131226
0.9999972581863403
0.9999997615814209
0.9999964237213135
1.0
1.0
1.0
0.9999970197677612
0.9999891519546509
0.9999881982803345
0.9999885559082031
0.9999957084655762
0.9999998807907104
0.9999985694885254
1.0
0.9999982118606567
0.9999949932098389
0.9999953508377075
0.9999986886978149
0.9999946355819702
0.9999929666519165
0.9999967813491821
1.0
0.9999879598617554
0.9999973773956299
0.9999939203262329
0.9999992847442627
1.0
0.9999936819076538
0.9999994039535522
0.9999924898147583
0.999997615814209
0.9999998807907104
0.9999959468841553
0.9999991655349731
0.9999983310699463
1.0
0.9999970197677612
0.9999983310699463
0.9999967813491821
0.9999998807907104
1.0
0.9999960660934448
0.9999945163726807
0.9999934434890747
0.9998780488967896
0.9999979734420776
0.9999967813491821
1.0
0.9999986886978149
0.9999940395355225
0.9999963045120239
0.999998927116394
0.9999966621398926
0.999996542930603
0.9999796152114868
1.0
1.0
1.0
0.9999982118606567
0.9999955892562866
0.9999979734420776
0.9999998807907104
0.9999996423721313
0.9999970197677612
0.9999918937683105
0.9999964237213135
0.9999827146530151
0.9999983310699463
0.9999990463256836
0.9999896287918091
0.9999994039535522
0.9999998807907104
0.9999963045120239
0.9999997615814209
0.9999998807907104
0.9999986886978149
0.9999982118606567
0.9999973773956299
0.9999916553497314
0.9999997615814209
0.9999998807907104
0.9999842643737793
0.9999771118164062
0.9999915361404419
0.9999914169311523
0.9999970197677612
0.9999988079071045
0.9999954700469971
1.0
0.9999978542327881
0.9999998807907104
0.999994158744812
0.9999946355819702
1.0
1.0
0.9999953508377075
0.9999998807907104
0.9999994039535522
0.9999959468841553
1.0
0.9999947547912598
0.9999953508377075
0.9999796152114868
0.9999995231628418
0.9999998807907104
0.9999997615814209
0.999996542930603
0.9999973773956299
0.9999923706054688
0.9999973773956299
0.9999998807907104
0.9999998807907104
0.9999972581863403
0.9999997615814209
0.9999998807907104
0.9999899864196777
0.9999998807907104
0.9999979734420776
1.0
1.0
1.0
0.9999960660934448
0.9999998807907104
0.9999998807907104
0.999997615814209
0.9999994039535522
0.9999998807907104
0.999997615814209
0.9999997615814209
1.0
0.999996542930603
1.0
1.0
0.9999996423721313
0.9999997615814209
0.999946117401123
