0.9830775856971741
0.9999903440475464
0.9999189376831055
0.9999380111694336
0.9358248710632324
0.999998927116394
0.9999996423721313
0.9992454051971436
0.9999196529388428
0.9975420236587524
0.9999959468841553
0.9999555349349976
0.5370555520057678
0.9999998807907104
0.9978216886520386
0.9996967315673828
0.8049687743186951
0.9999630451202393
0.9817959666252136
0.9999266862869263
0.8520793914794922
0.9991668462753296
0.986112654209137
0.9963018894195557
0.9997336268424988
0.9999942779541016
0.9999018907546997
0.6227717995643616
0.9999526739120483
0.9864428043365479
0.9999927282333374
0.9999028444290161
0.999874472618103
0.9997537732124329
0.9999995231628418
0.9999972581863403
0.9994993209838867
0.7763140797615051
0.9501891136169434
0.9991077780723572
0.9979277849197388
0.9999998807907104
0.8596134781837463
0.9789103865623474
0.9980039000511169
0.999984860420227
0.999946117401123
0.9999896287918091
0.9859849214553833
0.9264459609985352
0.9999933242797852
0.9986108541488647
0.9993172883987427
0.6152926087379456
0.9974886178970337
0.9999995231628418
0.9999550580978394
1.0
0.9956192374229431
0.9082547426223755
0.9997926354408264
0.9803928732872009
0.9996869564056396
0.999998927116394
0.9999856948852539
0.9999972581863403
0.9997569918632507
0.9979214072227478
0.9343461394309998
0.9993579983711243
0.767683744430542
0.9994937181472778
0.863839328289032
0.9339491724967957
0.9998953342437744
0.9999940395355225
0.9748666882514954
0.999496340751648
0.8293359875679016
0.9999933242797852
0.9990523457527161
0.9761582612991333
0.9999880790710449
0.999510645866394
0.999982476234436
0.9966475367546082
0.838847815990448
0.999985933303833
0.9818933010101318
0.999975323677063
0.9999943971633911
0.9999762773513794
0.9568197131156921
0.9932518601417542
0.9990009665489197
0.9867522716522217
0.9839885830879211
0.9982976317405701
0.9983428716659546
0.9968909621238708
0.999467670917511
0.9908549785614014
0.9475307464599609
0.9997819066047668
0.9868118166923523
0.8090866804122925
0.9997649788856506
0.9999997615814209
0.8298313021659851
0.9975401163101196
0.9665298461914062
0.997858464717865
0.9982549548149109
0.8397114872932434
0.8244216442108154
0.9999186992645264
0.9496877193450928
0.9876353144645691
0.830741286277771
0.9964332580566406
0.8135176301002502
0.7540146708488464
0.9073777794837952
0.9994269609451294
0.8705896735191345
0.998526930809021
0.999998927116394
0.9157283306121826
0.9998296499252319
0.8981677889823914
0.9997782111167908
0.9045957922935486
0.9999992847442627
0.9999970197677612
0.8638924956321716
0.9999725818634033
0.9997312426567078
0.9999086856842041
0.7209043502807617
0.9999933242797852
0.9959211349487305
0.9521669745445251
0.9996511936187744
0.8202123045921326
0.9999963045120239
0.9999992847442627
0.9999626874923706
0.9998681545257568
0.9999834299087524
0.9939486980438232
0.9999552965164185
0.6257882118225098
0.9949361085891724
0.9140239357948303
0.9510573148727417
0.9797143340110779
0.8627423644065857
0.9999942779541016
0.9941449761390686
0.6560998558998108
0.896921694278717
0.9995177984237671
0.9999985694885254
0.9998594522476196
0.9999996423721313
0.9988633394241333
0.9965454936027527
0.9999916553497314
0.9999679327011108
0.9999814033508301
0.9997647404670715
0.7109377980232239
0.9999973773956299
0.9765716791152954
0.9999091625213623
0.9999281167984009
0.9999997615814209
0.9875215888023376
0.8470779657363892
0.9999215602874756
0.9911625385284424
0.7261525392532349
0.9998733997344971
0.9592984318733215
0.9999947547912598
0.9998595714569092
0.9999911785125732
0.9999958276748657
0.9998045563697815
0.999997615814209
0.9388721585273743
0.9935287833213806
0.9999998807907104
0.9999619722366333
0.9420596957206726
0.5832077860832214
0.512488842010498
0.9998306035995483
0.9993364214897156
0.9955109357833862
0.9901463389396667
0.9509128332138062
0.9930973649024963
0.9999998807907104
0.993716299533844
0.9998341798782349
0.999637246131897
0.9974724650382996
0.9999998807907104
0.8219025731086731
0.9999971389770508
0.9888140559196472
0.7627967000007629
0.9998486042022705
0.9978206157684326
0.9999985694885254
0.8057678937911987
0.9952493906021118
0.6183373332023621
0.9780493378639221
0.9999756813049316
0.9810774922370911
0.7502795457839966
0.9998389482498169
0.868761420249939
1.0
0.7723087668418884
0.9125345349311829
0.9472072720527649
0.9999217987060547
0.9981364011764526
0.9638274908065796
0.9999756813049316
0.9999743700027466
0.9999198913574219
0.955633282661438
0.994692862033844
0.7110099196434021
0.9999926090240479
0.9972825050354004
0.941497802734375
0.9999816417694092
0.6874721050262451
0.9999948740005493
0.9996964931488037
0.9999914169311523
0.7309572100639343
0.9998846054077148
0.9711616635322571
0.6301615238189697
0.9999992847442627
0.99998939037323
0.7220678329467773
0.9981777667999268
0.6802328824996948
0.9999511241912842
0.9999971389770508
0.9999755620956421
0.9999978542327881
0.9971117973327637
0.9846155047416687
0.9999990463256836
0.9851806163787842
0.9992399215698242
0.9999979734420776
0.9912563562393188
0.9999513626098633
0.999966025352478
0.9998912811279297
0.9999572038650513
0.6917315721511841
0.9937169551849365
0.9997568726539612
0.9956640601158142
0.963561475276947
0.9999996423721313
0.6310142874717712
0.9966674447059631
0.6272748708724976
0.9991907477378845
0.9583815336227417
0.9991592168807983
0.9982964396476746
0.9879896640777588
0.9922782182693481
0.9999797344207764
0.9934740662574768
0.9980113506317139
0.9997264742851257
0.9386209845542908
0.9647563695907593
0.999947190284729
0.9998301267623901
0.8095588684082031
0.9999995231628418
0.9155887961387634
0.998963475227356
0.9782350063323975
0.9913302659988403
0.9999915361404419
0.9971250891685486
0.9057773947715759
0.9999622106552124
0.9999905824661255
0.9944915771484375
0.9997302889823914
0.999987006187439
0.9719403386116028
0.5563008189201355
0.9952032566070557
0.9957507848739624
0.6093888282775879
0.9997919201850891
0.9984429478645325
0.9998718500137329
0.9896941184997559
0.8802154064178467
0.9934908151626587
0.9999940395355225
0.9943557977676392
0.9999673366546631
0.6937467455863953
0.9981741905212402
0.989788293838501
0.9999887943267822
0.6534445881843567
0.9989903569221497
0.9988929629325867
0.999416708946228
0.9999665021896362
0.9993810653686523
0.6074715256690979
0.9999114274978638
0.6944892406463623
0.998971700668335
0.999957799911499
0.8003567457199097
0.6322864890098572
0.9967485666275024
0.948448121547699
0.9993345141410828
0.999800980091095
0.9203409552574158
0.9966312050819397
0.9997753500938416
0.9944508075714111
0.9999047517776489
0.9965412020683289
0.9999604225158691
0.9999581575393677
0.9581262469291687
0.9999884366989136
0.9962833523750305
0.8281258344650269
0.9962748289108276
0.8748443722724915
0.9994588494300842
0.9999445676803589
0.9621338248252869
0.9999797344207764
0.9995997548103333
0.9999988079071045
0.9995074272155762
0.5515101552009583
0.8995766639709473
0.99997878074646
0.9999997615814209
0.9790495038032532
0.9996563196182251
0.9998083710670471
0.9997840523719788
1.0
0.9999958276748657
0.9998970031738281
0.9999923706054688
0.9999794960021973
0.9999202489852905
0.9999309778213501
0.5058112144470215
0.9987040758132935
0.8244218826293945
0.999937891960144
0.9996342658996582
0.9999988079071045
0.9999744892120361
0.9998968839645386
0.9996819496154785
0.9689239263534546
0.9969293475151062
0.8374711871147156
0.9999685287475586
0.8468417525291443
0.9999096393585205
0.7096907496452332
0.5106320977210999
0.9985675811767578
0.9999978542327881
0.9534221887588501
0.9976523518562317
0.9995618462562561
0.9937593936920166
0.9987021684646606
0.7294973134994507
0.5056804418563843
0.9985873699188232
0.9741127490997314
0.9997242093086243
0.9999762773513794
0.9947267174720764
0.8007446527481079
0.6608901023864746
0.9968973398208618
0.9997655749320984
0.9082736372947693
0.9997013211250305
0.8681867718696594
0.9621152877807617
0.9858490228652954
0.99969482421875
0.9204611778259277
0.9995138645172119
0.9735679626464844
0.9999878406524658
0.9998393058776855
0.9542553424835205
0.999653697013855
0.9984341263771057
0.9684377908706665
0.9999096393585205
0.999839186668396
0.9999996423721313
0.8181023001670837
0.9893127083778381
0.8156900405883789
0.9989607334136963
0.9112220406532288
0.9994845390319824
0.999743640422821
0.9999499320983887
0.9990881681442261
0.9999892711639404
0.9994996786117554
0.9876052141189575
0.996990442276001
0.9989867806434631
0.6863569021224976
0.561338484287262
0.9974710941314697
0.9999188184738159
0.6284428834915161
0.9992502331733704
0.983373761177063
0.9995310306549072
0.995244562625885
0.9996082186698914
0.7387045621871948
0.9995977282524109
0.9761249423027039
0.999998927116394
0.9999974966049194
0.9999115467071533
0.9141210317611694
0.999866247177124
0.9882396459579468
0.9999986886978149
0.9996943473815918
0.9601712226867676
0.9995036125183105
0.999196469783783
0.9997593760490417
0.9999992847442627
0.8524736166000366
0.999975323677063
0.9996436834335327
0.9998676776885986
0.9466062784194946
0.6812122464179993
0.9605448246002197
0.5841940641403198
0.999980092048645
0.9998663663864136
0.8944096565246582
0.9952044486999512
0.9999414682388306
0.9612439870834351
0.9997501969337463
0.9999997615814209
0.999168872833252
0.9908444285392761
0.6107968091964722
0.9986621141433716
0.9999353885650635
0.9967215657234192
0.9797171950340271
0.9999974966049194
0.9942607879638672
0.9999099969863892
0.996469259262085
0.9827569723129272
0.9946277737617493
0.9991911053657532
0.9999998807907104
0.9995459914207458
0.6263139843940735
0.9627684354782104
0.9999487400054932
0.8988062143325806
0.9999994039535522
0.8525765538215637
0.9998639822006226
0.874664306640625
0.9921143054962158
0.9977095127105713
0.9999706745147705
0.999974250793457
0.9992478489875793
0.9813920855522156
0.8584437966346741
0.9851607084274292
0.9988241791725159
0.9837374687194824
0.9423841238021851
0.999972939491272
0.9999939203262329
0.9999990463256836
0.9999980926513672
0.9923014640808105
0.6611706018447876
0.9997522234916687
0.6345107555389404
0.8965387344360352
0.9999994039535522
0.9997572302818298
0.996096670627594
0.9980353713035583
0.996995210647583
0.998619794845581
0.9998416900634766
0.9977415800094604
0.9999278783798218
0.9219194650650024
0.5533416271209717
0.9998175501823425
0.9990910291671753
0.9998475313186646
0.9997841715812683
0.9999582767486572
0.9996285438537598
0.9999685287475586
0.9998108744621277
0.9999479055404663
0.9999099969863892
0.999992847442627
0.9686412811279297
0.9999459981918335
0.9900140762329102
0.9919237494468689
0.7941686511039734
0.9953973889350891
0.9856595993041992
0.6690587401390076
0.9999594688415527
0.9097915291786194
0.999990701675415
0.9999910593032837
0.9715023636817932
0.9999961853027344
0.9907479286193848
0.9999085664749146
0.9998138546943665
0.9999442100524902
0.9974204301834106
0.9990097284317017
0.9999217987060547
0.9997403025627136
0.9999994039535522
0.999139666557312
0.9997197985649109
0.9270696043968201
0.9960451722145081
0.9999866485595703
0.9999765157699585
1.0
0.9999123811721802
0.5597295165061951
0.5088741183280945
0.9999986886978149
0.8574768900871277
0.9999381303787231
0.9999884366989136
0.985693097114563
0.9928810596466064
0.9999881982803345
0.9968296885490417
0.8485026955604553
0.9989521503448486
0.9997968077659607
0.9998502731323242
0.9999743700027466
0.7393995523452759
0.9995535016059875
0.9999995231628418
0.9448462724685669
0.995410144329071
0.9228489995002747
0.9526733756065369
0.7858014702796936
0.9999829530715942
0.9936762452125549
0.765777587890625
0.9995402097702026
0.9998435974121094
0.9999998807907104
0.9999806880950928
0.9999582767486572
0.9999654293060303
0.9999736547470093
0.9625912308692932
0.9977770447731018
0.9999862909317017
0.9383381605148315
0.9999996423721313
0.9600992798805237
0.9999243021011353
0.9999620914459229
0.9998138546943665
0.999992847442627
0.995145857334137
0.9992881417274475
0.9999997615814209
0.9076785445213318
0.9995193481445312
0.8983849883079529
0.5925977230072021
0.9991839528083801
0.9544549584388733
0.9949517250061035
1.0
0.9096530079841614
0.9920511841773987
0.6301516890525818
0.63531494140625
0.9956148862838745
0.7309723496437073
0.9999450445175171
0.9999982118606567
0.7530298829078674
0.9973986148834229
0.9999014139175415
0.9695606827735901
0.9914802312850952
0.9988942742347717
0.7411495447158813
0.7958121299743652
0.968917191028595
0.9784483909606934
0.999526858329773
0.9992825388908386
0.9746158123016357
0.992954671382904
0.9973663687705994
0.9293088316917419
0.7632657289505005
0.6843835115432739
0.9492061138153076
0.9674034714698792
0.9999759197235107
0.9999586343765259
0.9655714631080627
0.999990701675415
0.9968026876449585
0.9666175842285156
0.9999979734420776
0.9999905824661255
0.9997695088386536
0.9998583793640137
0.925844132900238
0.9999898672103882
0.9996472597122192
0.9937519431114197
0.9970165491104126
0.7304332256317139
0.5716717839241028
0.6322482824325562
0.9834511280059814
0.9999998807907104
0.9969082474708557
0.7295866012573242
0.7695642113685608
0.9125743508338928
0.9999990463256836
0.9925822019577026
0.9997251629829407
0.9997709393501282
0.9432615637779236
0.9108865261077881
0.8361794948577881
0.9999902248382568
0.9999850988388062
0.9999798536300659
0.8669622540473938
0.9997101426124573
0.9999673366546631
0.9995524287223816
0.962888777256012
0.9999990463256836
0.9999982118606567
0.9967562556266785
0.9999359846115112
0.9175010919570923
0.9977109432220459
0.9896203279495239
0.9999204874038696
0.9997797608375549
0.722983181476593
0.999997615814209
0.9999997615814209
0.9999476671218872
0.9998819828033447
0.9784557223320007
0.9998505115509033
0.9834258556365967
0.99479079246521
0.9937148690223694
0.9597594141960144
0.5293967723846436
0.9999951124191284
0.9999996423721313
0.9682903289794922
0.9996127486228943
0.9999992847442627
0.7484936714172363
0.9961755275726318
0.9551753997802734
0.9995740056037903
0.9907450675964355
0.9998157620429993
0.5700266361236572
0.6672773361206055
0.6357133984565735
0.8792583346366882
0.8955180644989014
0.9998482465744019
0.9987047910690308
0.9999985694885254
0.9998763799667358
0.9999960660934448
0.9992300271987915
0.9995995163917542
0.999925971031189
0.9974104762077332
0.999907374382019
0.9990967512130737
0.9999704360961914
0.9176580905914307
0.999977707862854
0.9683001637458801
0.9987220168113708
0.9999059438705444
0.9938795566558838
0.9992852807044983
0.9989237189292908
0.9998774528503418
0.9998040795326233
0.9996821880340576
0.9411929249763489
0.9998881816864014
0.9988847374916077
0.9999901056289673
0.9999936819076538
0.5979443788528442
0.9999738931655884
0.9998056292533875
0.9485266208648682
0.7626125812530518
0.9640763998031616
0.9929057359695435
0.9375643134117126
0.9915506839752197
0.5335390567779541
0.9998862743377686
0.6275836229324341
0.9998787641525269
0.9999872446060181
0.9999748468399048
0.999997615814209
0.9995415210723877
0.9994286894798279
0.9999927282333374
0.5103060603141785
0.9999818801879883
0.6921752095222473
0.8884343504905701
0.8368169665336609
0.9999369382858276
0.9999402761459351
0.9757083654403687
0.999243974685669
0.9996956586837769
0.9998716115951538
0.999996542930603
0.9999607801437378
0.9747151136398315
0.7104888558387756
0.9993976354598999
0.9999459981918335
0.9758648872375488
0.9858356714248657
0.9997490048408508
0.9999624490737915
0.998251736164093
0.999990701675415
0.9999996423721313
0.9982941746711731
0.8397234678268433
0.9999701976776123
0.9995262622833252
0.975376546382904
0.6880372762680054
0.9869677424430847
0.9997788071632385
0.9489365816116333
0.9955582618713379
0.999994158744812
0.7347301244735718
0.9999799728393555
0.8058741688728333
0.9999666213989258
0.6954182386398315
0.9599485993385315
0.9790022373199463
0.7116469740867615
0.9982497096061707
0.9999997615814209
0.9863421320915222
0.9998399019241333
0.532367467880249
0.6652898788452148
0.8948668241500854
0.9373528957366943
0.9996607303619385
0.9996745586395264
0.9853169322013855
0.9985278844833374
0.7188135981559753
0.999992847442627
0.9993102550506592
0.9999673366546631
0.5233750939369202
0.9999932050704956
0.9999854564666748
0.999998927116394
0.9982874989509583
0.962754487991333
0.9999849796295166
0.8144471049308777
0.9803510308265686
0.9998475313186646
0.9995579123497009
0.9999959468841553
0.9999802112579346
0.9187881946563721
0.9916381239891052
0.9746738076210022
0.9149431586265564
0.9998636245727539
0.9999780654907227
0.9999895095825195
0.9977744221687317
0.9990425705909729
0.9999858140945435
0.9988056421279907
0.99965500831604
0.7529755234718323
0.9999996423721313
0.971006453037262
0.9999575614929199
0.9999997615814209
0.9998270869255066
1.0
0.5438715815544128
0.9999570846557617
0.6389841437339783
0.9309595823287964
0.9554928541183472
0.9984297156333923
0.996057391166687
0.9999997615814209
0.9999284744262695
0.9999399185180664
0.9998854398727417
0.5168991088867188
0.9997069239616394
0.8804097771644592
0.9999462366104126
0.9999861717224121
0.9997121691703796
0.9999459981918335
0.993361234664917
0.9998887777328491
0.9999972581863403
0.9876992702484131
0.9934208989143372
0.9077375531196594
0.9763290882110596
1.0
0.9999852180480957
0.9965051412582397
0.9914727210998535
0.9997281432151794
0.9990457892417908
0.9957748055458069
0.9999352693557739
0.9999901056289673
0.9999911785125732
0.9921780228614807
0.9999920129776001
0.9998394250869751
0.988007664680481
0.999977707862854
0.7951844334602356
0.9999998807907104
0.999954104423523
0.9999998807907104
0.9988532066345215
0.9992225170135498
0.999785840511322
0.9881686568260193
0.9674482345581055
0.9673827290534973
0.6242192387580872
0.9999840259552002
0.9989821314811707
0.9167261719703674
0.9986761212348938
0.9997629523277283
0.9999873638153076
0.9999986886978149
0.8724683523178101
0.9997288584709167
0.9964461922645569
0.9999861717224121
0.9986274242401123
0.5977382063865662
0.8927718997001648
0.9999958276748657
0.9636894464492798
0.7863902449607849
0.9999926090240479
0.907067060470581
0.5564172267913818
0.9999977350234985
0.8129269480705261
0.9997900128364563
0.9998906850814819
0.8812147974967957
0.9598875641822815
0.9997321963310242
0.9514729380607605
0.8858107924461365
0.8333908319473267
0.9999421834945679
0.5388871431350708
0.9772616624832153
0.9999920129776001
0.9988403916358948
0.9999527931213379
0.9999988079071045
0.9999690055847168
0.9988915324211121
0.9907782077789307
0.992201566696167
0.9963614344596863
0.9999910593032837
0.9993270635604858
0.9758868217468262
0.5790919661521912
0.8782082200050354
0.995669960975647
0.9090791940689087
0.9998538494110107
0.997559666633606
0.999963641166687
0.997393012046814
0.5816900730133057
0.9999969005584717
0.9999998807907104
0.9649477005004883
0.9993829727172852
0.9513537287712097
0.5685508847236633
0.9999954700469971
0.7940126061439514
0.9934818148612976
0.9999967813491821
0.9999759197235107
0.9948198199272156
0.9935563206672668
0.9665056467056274
0.9999992847442627
0.9992289543151855
0.9981439113616943
0.9998111128807068
0.9999618530273438
0.9909651279449463
0.9912742972373962
0.9908097982406616
0.9997501969337463
0.9991281628608704
0.9084100127220154
0.9997485280036926
0.999971866607666
0.8332895040512085
0.9998193383216858
0.6370904445648193
0.7439507246017456
0.9834806323051453
0.6533105373382568
0.9998555183410645
0.9380653500556946
0.996695876121521
0.9997708201408386
0.9912877678871155
0.9626495242118835
0.9996578693389893
0.9575933814048767
0.9989547729492188
0.9963696002960205
0.9992877840995789
0.999996542930603
0.9858003854751587
0.959466814994812
0.9683264493942261
0.9999871253967285
0.9995884299278259
0.9999632835388184
0.9994040727615356
0.9533966183662415
0.9349803328514099
0.8760256767272949
0.9978775978088379
0.9998890161514282
0.9994640946388245
0.5764453411102295
0.9998589754104614
0.9881356954574585
0.9999974966049194
0.9999810457229614
0.9999994039535522
0.9999991655349731
0.9976215958595276
0.8442663550376892
0.9999691247940063
0.9882081151008606
0.9902210235595703
0.9997424483299255
0.9995854496955872
0.9967244267463684
0.9999966621398926
0.9948716163635254
0.9999123811721802
0.9998005032539368
0.7476781606674194
0.9999301433563232
0.6493837237358093
0.9975087642669678
0.9999803304672241
0.5790092945098877
0.7129530906677246
0.9999514818191528
0.9999077320098877
0.6030914783477783
0.8209957480430603
0.9738238453865051
0.9999960660934448
0.5424270033836365
0.9254536628723145
0.9926878213882446
0.9633681178092957
0.8123403787612915
0.9588276743888855
0.9999997615814209
0.9999775886535645
0.9999992847442627
0.6688494682312012
0.999987006187439
0.9994922876358032
0.9998486042022705
0.9982337951660156
0.801342785358429
0.9994738698005676
0.7126131057739258
0.9999996423721313
0.6191040873527527
0.9996284246444702
0.9994096755981445
0.9999567270278931
0.7097228169441223
0.7135128378868103
0.9251809120178223
0.9995988011360168
0.9988547563552856
0.9966679215431213
0.9999634027481079
0.9999934434890747
0.9382889270782471
0.9955195188522339
0.9997685551643372
0.9999957084655762
0.9999964237213135
0.9677028059959412
0.9999998807907104
0.9999750852584839
0.9997954964637756
0.996889054775238
0.9999998807907104
0.605583667755127
0.9363635778427124
0.9384689331054688
0.9994755387306213
0.9998663663864136
0.9999897480010986
0.7868733406066895
0.9637120962142944
0.9999716281890869
0.9999995231628418
0.9999313354492188
0.9999855756759644
0.9205124378204346
0.9933045506477356
0.9590203166007996
1.0
0.9824274182319641
0.9988307356834412
0.999494194984436
0.9999964237213135
0.7604761719703674
0.8346934914588928
0.8961950540542603
0.945635974407196
0.9067257642745972
0.9101570248603821
0.9995750784873962
0.9908859729766846
0.9958985447883606
0.9997273087501526
0.9990069270133972
0.9999486207962036
0.8923811912536621
0.9976348876953125
0.9996602535247803
0.9999923706054688
0.9968768358230591
0.9966691136360168
0.9999910593032837
0.9997832179069519
0.9893330335617065
0.9999784231185913
0.9022164344787598
0.9999915361404419
0.9781497120857239
0.9999614953994751
0.999970555305481
0.9997617602348328
0.9999618530273438
0.9989352822303772
0.9995637536048889
0.9954285621643066
0.9999985694885254
0.9996345043182373
0.5287930369377136
0.9999134540557861
0.9999710321426392
0.9999517202377319
0.999370276927948
0.6407617330551147
0.9999948740005493
0.9980916380882263
0.9992081522941589
0.9790274500846863
0.9785021543502808
0.9997345805168152
0.9936679005622864
0.9983200430870056
0.9945570230484009
0.999996542930603
0.9928652048110962
0.9993064403533936
0.9927263259887695
0.9999841451644897
0.9999880790710449
0.9982301592826843
0.9997051358222961
0.9847150444984436
0.9999992847442627
0.9915376901626587
0.8169528841972351
0.7750558257102966
0.999987006187439
0.9999711513519287
0.9859304428100586
0.991259753704071
0.9997425675392151
0.9831026196479797
0.9998148083686829
0.9450357556343079
0.9999779462814331
0.9937556982040405
0.9998273849487305
0.9999778270721436
0.9999581575393677
0.9998940229415894
0.9999957084655762
0.6963649988174438
0.9017587304115295
0.864520788192749
0.9999804496765137
0.9991922974586487
0.9904642105102539
0.9999604225158691
0.9996225833892822
0.9990936517715454
0.9977949857711792
0.9662812352180481
0.9999865293502808
0.9999659061431885
0.9043586850166321
0.9993846416473389
0.9999986886978149
0.9810317158699036
0.8287131786346436
0.9995813965797424
0.9999997615814209
0.9993736147880554
0.9447218179702759
0.9996811151504517
0.9998118281364441
0.9999433755874634
0.9880679249763489
0.9999992847442627
0.9999841451644897
0.9838526248931885
0.990369975566864
0.9996250867843628
0.9991971850395203
0.9891118407249451
0.9813404679298401
0.9947015643119812
0.9999827146530151
0.9921190738677979
0.9295638203620911
0.999840259552002
0.9599049091339111
0.9999939203262329
0.9999998807907104
0.9999986886978149
0.9999991655349731
0.9870896935462952
0.999976634979248
0.9988269209861755
0.9996956586837769
0.9994428753852844
0.9968660473823547
0.999981164932251
0.9959601759910583
0.9995478987693787
1.0
1.0
0.9999619722366333
0.9999226331710815
0.9999700784683228
0.9990059733390808
0.9993873834609985
0.9896566867828369
0.9732887148857117
0.9999792575836182
0.9636551141738892
0.9999539852142334
0.9411040544509888
0.9859175086021423
0.9631403684616089
0.9802399277687073
0.9999960660934448
0.9487447142601013
0.8601639866828918
0.9921653270721436
0.9995344877243042
0.9999680519104004
0.9977668523788452
0.9929410219192505
0.9999287128448486
0.9996633529663086
0.9999921321868896
0.9255325794219971
0.999828577041626
0.9970322847366333
0.9819599390029907
0.9997182488441467
0.9078634977340698
0.99998939037323
0.9999884366989136
0.9998239874839783
0.9999977350234985
0.9895040988922119
0.6525171399116516
0.9999368190765381
0.999596893787384
0.9893842339515686
0.9995835423469543
0.705787718296051
0.5209835171699524
0.9615579843521118
0.9994315505027771
0.9982532858848572
0.8815564513206482
0.9882851839065552
0.9763493537902832
0.9999016523361206
0.8690075278282166
0.9858341813087463
0.9944013953208923
0.9600045680999756
0.9795462489128113
0.999995231628418
0.9998446702957153
0.7297035455703735
0.9395164847373962
0.9225597381591797
0.8719063401222229
0.9958310723304749
0.9999735355377197
0.9999402761459351
0.9953184723854065
0.9972617626190186
0.9249171018600464
0.9995335340499878
0.9928101301193237
0.9999749660491943
0.9999880790710449
0.8331409692764282
0.9999980926513672
0.7364537119865417
0.9994189739227295
0.9859330058097839
0.5313565135002136
0.9988192915916443
0.8180516362190247
0.9999934434890747
0.9998213648796082
0.6633980870246887
0.9965752959251404
0.9999910593032837
0.9568895697593689
0.9996999502182007
0.9999260902404785
0.999763548374176
0.9998849630355835
0.999842643737793
0.9988137483596802
0.9993355870246887
0.9999703168869019
0.9974460601806641
0.9994334578514099
0.9989149570465088
0.999994158744812
0.9631619453430176
0.9998942613601685
0.9994625449180603
0.5880041122436523
0.9999837875366211
0.995215654373169
0.999131977558136
0.5259492993354797
0.9965338706970215
0.9234021306037903
0.8385031223297119
0.6764735579490662
0.9959624409675598
0.9999489784240723
0.9998075366020203
0.9941436648368835
0.9858648777008057
0.8500660061836243
0.9793968200683594
0.7099356651306152
0.9997538924217224
0.9964283108711243
0.9999724626541138
0.9998571872711182
0.9996107220649719
0.9999169111251831
0.9846709966659546
0.8084902167320251
0.9973832964897156
0.7824583649635315
0.9999949932098389
0.9966189861297607
0.9999011754989624
0.9809969663619995
0.9855780005455017
0.9982800483703613
0.9997319579124451
0.9989114999771118
0.9999985694885254
0.9999897480010986
0.9998958110809326
0.9999974966049194
0.5981267690658569
0.890313446521759
0.9735292792320251
0.999906063079834
0.998457670211792
0.9998831748962402
0.9998955726623535
1.0
0.9920027256011963
0.9999911785125732
0.9977256655693054
0.9999759197235107
0.9973641037940979
0.999970555305481
0.9962177872657776
0.999755322933197
0.9872410297393799
0.7178296446800232
0.9999991655349731
0.9997255206108093
0.6302951574325562
0.9582454562187195
0.9261396527290344
0.9288941621780396
0.6869626045227051
0.999728262424469
0.9999631643295288
0.9852900505065918
0.999464213848114
0.9999806880950928
0.9994068145751953
0.6524002552032471
0.9921229481697083
0.9999057054519653
0.9901746511459351
0.9278860688209534
1.0
0.9997442364692688
0.8844648003578186
0.9970253109931946
0.999869704246521
0.999981164932251
0.9999849796295166
0.9985277652740479
0.9985466599464417
0.9858320951461792
0.7795995473861694
0.9997572302818298
0.872373104095459
0.9915396571159363
0.9997351765632629
0.9991050362586975
0.9998372793197632
0.9988762736320496
0.5693280100822449
0.9999794960021973
0.9884090423583984
1.0
0.995293915271759
0.7341892719268799
0.5013786554336548
0.9985138773918152
0.9999890327453613
0.9168068766593933
0.9990900754928589
0.9992480874061584
0.9999966621398926
0.9045990109443665
0.9997867941856384
0.9997311234474182
0.999729335308075
0.9982807636260986
0.980201005935669
0.5325925946235657
0.9929404258728027
0.8397157192230225
0.9953733086585999
0.9997807145118713
0.999810516834259
0.9935247898101807
0.9999954700469971
0.601340651512146
0.9999778270721436
0.9986177682876587
0.9867346286773682
0.9288011789321899
0.7114326357841492
0.7800778746604919
0.9999911785125732
0.8834927082061768
0.999474823474884
0.9999983310699463
0.8710451126098633
0.9999343156814575
0.8359422087669373
0.9342552423477173
0.9127342104911804
0.9989998936653137
0.994026780128479
0.9999686479568481
0.9999924898147583
0.9998774528503418
0.9999992847442627
0.9641406536102295
0.9372109770774841
0.998066246509552
0.9999568462371826
0.9317710399627686
0.9997809529304504
0.8481191992759705
0.995381236076355
0.9999985694885254
0.9997370839118958
0.9991447925567627
0.9999996423721313
0.9966059923171997
0.9999241828918457
0.5960399508476257
0.763843834400177
0.9998225569725037
0.9996328353881836
0.9983356595039368
0.9999977350234985
0.9999992847442627
0.9635345339775085
0.9999990463256836
0.8023236989974976
0.9998533725738525
0.9385172724723816
0.999991774559021
0.9991094470024109
0.991975724697113
0.9999862909317017
0.6015564203262329
0.91086345911026
0.9997969269752502
0.9839941263198853
0.9573517441749573
0.9999903440475464
0.983690083026886
0.9640312790870667
0.984053909778595
0.9871736764907837
0.9999998807907104
0.9997510313987732
0.824142575263977
0.9002929329872131
0.9023025035858154
0.802492618560791
0.9997010231018066
0.996819019317627
0.9990522265434265
0.9863714575767517
0.9927177429199219
0.9983299374580383
0.9997434020042419
0.7372118234634399
0.9999591112136841
0.9912577867507935
0.9986292123794556
0.9999730587005615
0.9998409748077393
0.5331284403800964
0.9996439218521118
0.9934391379356384
0.9999961853027344
0.9998663663864136
0.999755322933197
0.9343823194503784
0.5515376925468445
0.999998927116394
0.9997119307518005
0.9945494532585144
0.9642492532730103
0.8973297476768494
0.9993433356285095
0.9740862846374512
0.6870932579040527
0.9978806972503662
0.8873445987701416
0.9891713261604309
0.9991803765296936
0.9979808926582336
0.9999063014984131
0.9982597231864929
0.9999992847442627
0.6682157516479492
0.999995231628418
0.9980893731117249
0.8772702217102051
0.9999996423721313
0.9361651539802551
0.9985982775688171
0.9707571864128113
0.9991130232810974
0.9985697269439697
0.5308802127838135
0.9999796152114868
0.9600564241409302
0.9944557547569275
0.9999614953994751
0.9767380356788635
0.9101365804672241
0.9896027445793152
0.9999727010726929
0.999997615814209
0.9848238229751587
0.9046124815940857
0.785198450088501
0.9271910190582275
0.9999788999557495
0.9986968636512756
0.9998427629470825
0.9998388290405273
0.9975029826164246
0.7272951602935791
0.9999841451644897
0.5004255771636963
0.9998857975006104
0.9993426203727722
0.999958872795105
0.9997513890266418
0.9996622800827026
0.9983421564102173
0.9999978542327881
0.9302000999450684
0.999945878982544
0.9992747902870178
0.9982289671897888
0.9862475991249084
0.9940736889839172
0.9990154504776001
0.9992782473564148
0.9976275563240051
0.9993755221366882
0.7755789160728455
0.9878201484680176
0.7115591764450073
0.9998108744621277
0.9992061257362366
0.9999969005584717
0.9999960660934448
0.9999997615814209
0.9999933242797852
0.9999549388885498
0.9990563988685608
0.9998641014099121
0.9998881816864014
0.9999998807907104
0.9918901920318604
0.9999886751174927
0.9999877214431763
0.7469449043273926
0.9050614237785339
0.9983830451965332
0.8900026679039001
0.9998526573181152
0.9998062252998352
0.9871041178703308
0.9996355772018433
0.9757920503616333
0.9993340373039246
0.9680518507957458
0.5502660870552063
0.8950090408325195
0.9985285997390747
0.9887874722480774
0.9688860774040222
0.9999998807907104
0.9708362817764282
0.9991902709007263
0.9994151592254639
0.9999874830245972
0.9810228943824768
0.999990701675415
0.9978432655334473
0.9921995997428894
0.9998825788497925
0.9983672499656677
0.9399677515029907
0.9997201561927795
0.9999986886978149
0.999798595905304
0.9999991655349731
0.9998515844345093
0.9424024820327759
0.999974250793457
0.9999139308929443
0.9999890327453613
0.9155339002609253
0.9973353743553162
0.9999550580978394
0.9994801878929138
0.9999992847442627
0.9752360582351685
0.999981164932251
0.9999885559082031
0.6933154463768005
0.9999474287033081
0.891389012336731
0.6344262957572937
0.9999300241470337
0.999858021736145
0.94987553358078
0.8811677694320679
0.9478899240493774
0.9997569918632507
0.999956488609314
0.999998927116394
0.7324944138526917
0.9966806769371033
0.5078375339508057
0.9999946355819702
0.9356436729431152
0.9965649247169495
0.5915436744689941
0.9935018420219421
0.9826095104217529
0.9931914210319519
0.9999955892562866
0.9915591478347778
0.999066174030304
0.9991672039031982
0.9914976954460144
0.9296603798866272
0.8490801453590393
0.9998382329940796
0.9999994039535522
0.7532572150230408
0.9997372031211853
0.9999746084213257
0.9999319314956665
0.9996523857116699
0.9983775615692139
0.999658465385437
0.9809959530830383
0.9994831085205078
0.8917357325553894
0.9881721138954163
0.9992719292640686
0.9999940395355225
0.9999364614486694
0.9858952164649963
0.9758453965187073
1.0
0.9938341379165649
0.9999710321426392
0.5522931814193726
0.9997361302375793
0.9999452829360962
0.9998350143432617
0.9999709129333496
0.536560595035553
0.9994741082191467
0.994823694229126
0.9999774694442749
0.9999998807907104
0.9998722076416016
0.999485969543457
0.8164647817611694
0.9998767375946045
0.9995793700218201
0.9874023795127869
0.6884838938713074
0.9874374270439148
0.9971083998680115
0.8056312203407288
0.9999606609344482
0.9998158812522888
0.9999891519546509
0.9997394680976868
0.9999732971191406
0.9999979734420776
0.9999356269836426
0.998001754283905
0.9999946355819702
0.9999897480010986
0.9995583891868591
0.9786565899848938
0.9725916385650635
0.9999960660934448
0.9363250136375427
0.9576796293258667
0.9980012774467468
0.9478402733802795
0.8884902000427246
0.9998438358306885
0.9888618588447571
0.9995416402816772
0.9976025223731995
0.9984971284866333
0.9591760039329529
0.9998832941055298
0.9575497508049011
0.9943927526473999
0.9999642372131348
0.9999858140945435
0.9735167622566223
0.9999990463256836
0.9324730038642883
0.999942421913147
0.9999994039535522
0.7020810842514038
0.7215192914009094
0.9801220893859863
0.9809466004371643
0.9999825954437256
0.9791046380996704
0.9981688261032104
0.9896356463432312
0.5637421011924744
0.5110661387443542
0.9849914908409119
0.9999529123306274
0.9999877214431763
0.9857501983642578
0.9999960660934448
0.8517604470252991
0.9978529214859009
1.0
0.9999712705612183
0.9999997615814209
0.9999958276748657
0.999744713306427
0.999997615814209
0.8552930951118469
0.9987505674362183
0.9350666403770447
0.7665843367576599
0.9974472522735596
0.9959291815757751
0.999665379524231
0.9960042834281921
0.9282983541488647
0.9999977350234985
0.996508777141571
0.998138427734375
0.9838165044784546
0.9997900128364563
0.999983549118042
0.9266212582588196
0.9999798536300659
0.9999780654907227
0.983555257320404
0.9999982118606567
0.9790706634521484
0.999022364616394
0.9974367022514343
0.9389124512672424
0.9989196062088013
0.9899660348892212
0.9920637011528015
0.999794065952301
0.7414842247962952
0.9599303603172302
0.9958612322807312
0.9966917037963867
0.9804996848106384
0.9955874681472778
0.5663806796073914
0.9999469518661499
0.9999829530715942
0.9980533123016357
0.999415397644043
0.9964312314987183
0.9999948740005493
0.9984702467918396
0.9974678754806519
0.8966724872589111
0.8625380992889404
0.9990144968032837
0.9999990463256836
0.6553570032119751
0.9963343143463135
0.8968246579170227
0.99906986951828
0.9617142081260681
0.9999914169311523
0.9874626994132996
0.99997878074646
0.5310409069061279
0.9999990463256836
0.9999680519104004
0.9807952046394348
0.9999935626983643
0.9874017834663391
0.9959481358528137
0.9999730587005615
0.8158411383628845
0.999907374382019
0.8502825498580933
0.9868606925010681
0.9887726902961731
0.9979814291000366
0.999993085861206
0.9933058619499207
0.9988976716995239
0.9999790191650391
0.9978547692298889
0.8340118527412415
0.9999381303787231
0.9999706745147705
0.9693999290466309
0.9206773638725281
0.9999781847000122
0.9406815767288208
0.999942421913147
0.9199690222740173
0.9993851184844971
0.9999998807907104
0.9999594688415527
0.8799268007278442
0.8560901284217834
0.963708221912384
0.98240065574646
0.9998501539230347
0.9998770952224731
0.9890430569648743
0.9296954870223999
0.9916089177131653
0.9926557540893555
0.9411001205444336
0.9732086658477783
0.9880030155181885
0.7759304642677307
0.9501816034317017
0.9932006001472473
0.9997808337211609
0.9999748468399048
0.9997491240501404
0.9994069337844849
0.9967188239097595
0.9926031231880188
0.9999874830245972
0.9943504929542542
0.9992561936378479
0.999932050704956
0.9982714653015137
0.996418833732605
0.9449562430381775
0.999589741230011
0.9999929666519165
0.999942421913147
0.9895198345184326
0.9971386194229126
0.9999997615814209
0.9589241147041321
0.8064625263214111
0.9987412095069885
0.99765944480896
0.8946176767349243
0.9807116389274597
0.9999934434890747
0.9994068145751953
0.9997513890266418
0.9875710010528564
0.9999959468841553
0.9996274709701538
0.8958251476287842
0.9999963045120239
0.9990811347961426
0.9999830722808838
0.971045970916748
0.993330180644989
0.9943675398826599
0.9999945163726807
0.9998520612716675
0.9800770878791809
0.5717110633850098
0.9998987913131714
0.9380027055740356
0.9999997615814209
0.9998083710670471
0.9572146534919739
0.7044745087623596
0.9946951270103455
0.9113821387290955
0.9994804263114929
0.999990701675415
0.996157705783844
0.9998971223831177
0.9976940751075745
0.9977807402610779
0.9992771744728088
0.9999829530715942
0.999997615814209
0.6231539845466614
0.9736014008522034
0.9967645406723022
0.9988177418708801
0.999910831451416
0.9997063279151917
0.9966967105865479
0.9999256134033203
0.9972319006919861
0.9999998807907104
0.9419032335281372
0.8484392762184143
0.9999593496322632
0.939314067363739
0.9999983310699463
0.5704085230827332
0.9989687204360962
0.8747958540916443
0.67032790184021
0.9999650716781616
0.999977707862854
0.999991774559021
0.9718594551086426
0.6347571611404419
0.9998809099197388
0.9998093247413635
0.9992560744285583
0.8423720598220825
0.998080849647522
0.9996731281280518
0.9088932871818542
0.9991379976272583
0.9991894364356995
0.9999581575393677
0.9999954700469971
0.9999998807907104
0.9999566078186035
0.9998921155929565
0.5786659121513367
0.8316587805747986
0.999715268611908
0.9524943232536316
0.6999022960662842
0.9938358664512634
0.931121826171875
0.9999991655349731
0.9898495674133301
0.663051187992096
0.6907736659049988
0.9866011738777161
0.9993374943733215
0.9999632835388184
0.9990870952606201
0.7912004590034485
0.9998364448547363
0.997812032699585
0.9999874830245972
0.9993789196014404
0.9999862909317017
0.9802655577659607
0.9999969005584717
0.612399160861969
0.9999959468841553
0.8500092029571533
0.9999942779541016
0.9999994039535522
0.9153868556022644
0.9828717708587646
0.9999624490737915
0.9999531507492065
0.9960572719573975
0.9996052384376526
0.9153858423233032
0.9999966621398926
0.6715389490127563
0.8892759680747986
0.9999202489852905
0.9123324155807495
0.9999566078186035
0.9995514750480652
0.9871189594268799
0.9999847412109375
0.9999985694885254
0.5763550996780396
0.9988687634468079
0.999991774559021
0.9968460202217102
0.6154362559318542
0.9714780449867249
0.9792258739471436
0.998769223690033
0.9999325275421143
0.9999996423721313
0.6926447153091431
0.9999964237213135
0.9741498827934265
0.9866841435432434
0.6477668285369873
0.969751238822937
0.9997043013572693
0.650507390499115
0.9999938011169434
0.6287599205970764
0.962548553943634
0.9999443292617798
0.9999308586120605
0.9998737573623657
0.9997304081916809
0.8672395944595337
0.9848704934120178
0.6378791332244873
0.9997493624687195
0.5849011540412903
0.9966700673103333
0.9419577121734619
0.9999983310699463
0.9995150566101074
0.9999731779098511
0.9999959468841553
0.9997656941413879
0.9989650249481201
0.721000611782074
0.9999998807907104
0.9970946311950684
0.999980092048645
0.9999374151229858
0.9014034867286682
0.977910578250885
0.9163040518760681
0.9984315037727356
0.9998557567596436
0.9465895295143127
0.6787661910057068
0.9994487166404724
0.9978787899017334
0.9999247789382935
0.9989160299301147
0.9991348385810852
0.9940701127052307
0.9948947429656982
0.9834228754043579
0.9999572038650513
0.9987291693687439
0.9978131055831909
0.9999560117721558
0.7617899775505066
0.999954342842102
0.921899139881134
0.9990563988685608
0.9991680383682251
0.9942580461502075
0.9973433613777161
0.9999744892120361
0.7151093482971191
0.9995939135551453
0.9998340606689453
0.6412155032157898
0.9997319579124451
0.9412696957588196
0.78903728723526
0.9994291663169861
0.9602407813072205
0.6201397776603699
0.5249960422515869
0.9999771118164062
0.9901756644248962
0.9999337196350098
0.5953575968742371
0.6996949911117554
0.9974297881126404
0.9999456405639648
0.9999713897705078
0.9786902070045471
0.9995846152305603
0.6093798279762268
0.9316823482513428
0.9999802112579346
0.9999924898147583
0.9999948740005493
0.9941654205322266
0.9951202273368835
0.9999825954437256
0.5054358839988708
0.9999657869338989
0.8616578578948975
0.9998204112052917
0.9999963045120239
0.8819565773010254
0.8344807624816895
0.9999959468841553
0.9984111785888672
0.9966262578964233
0.9992414712905884
0.9851115345954895
0.9993595480918884
0.9232499003410339
0.8632706999778748
0.9999783039093018
0.959402859210968
0.9882652759552002
0.9999747276306152
0.9999891519546509
0.9973694086074829
0.9983249306678772
0.9982153177261353
0.9997203946113586
0.968512773513794
0.9709004163742065
0.6571015119552612
0.9201574325561523
0.9996065497398376
0.9933083057403564
0.9999861717224121
0.9999921321868896
0.9943065047264099
0.8368030190467834
0.9999990463256836
0.9998561143875122
0.9892287254333496
0.9999208450317383
0.955368161201477
0.96309894323349
0.9967251420021057
0.9991463422775269
0.9996730089187622
0.999956488609314
0.9998960494995117
0.6205632090568542
0.8081548810005188
0.699151337146759
0.9999951124191284
0.9999265670776367
0.5148288011550903
0.9687501192092896
0.9706631898880005
0.9986960291862488
0.9999986886978149
0.9975287318229675
0.5755508542060852
0.9923464059829712
0.9959326386451721
0.8523895144462585
0.999980092048645
0.9943208694458008
0.9999338388442993
0.7856780886650085
0.6784474849700928
0.9786137938499451
0.9998620748519897
0.9992527365684509
0.9084666967391968
0.9999998807907104
0.9997822642326355
0.5998954176902771
0.9113661050796509
0.9989726543426514
0.9950643181800842
0.9999943971633911
0.9991728663444519
1.0
0.999946117401123
0.999997615814209
0.9999973773956299
0.995153546333313
0.9450048804283142
0.9999986886978149
0.9999808073043823
0.9390202760696411
1.0
0.9994055032730103
0.9990625977516174
0.9534239172935486
0.9996722936630249
0.8955807089805603
0.9995771050453186
0.9999961853027344
0.9924768805503845
0.9994162321090698
0.8304304480552673
0.9681110978126526
0.5695896148681641
0.7769704461097717
0.9999568462371826
0.8915554881095886
0.9999994039535522
0.9999700784683228
0.9998971223831177
0.9999926090240479
0.6808022856712341
0.9999880790710449
0.9790357947349548
0.9999943971633911
0.9999953508377075
0.9997312426567078
0.6137221455574036
0.9994296431541443
0.9948679208755493
0.9999727010726929
0.6596981883049011
0.9936018586158752
0.9999264478683472
0.997219443321228
0.9999852180480957
0.948148250579834
0.9998220801353455
0.7766954898834229
0.9993950128555298
0.9999998807907104
0.9990116357803345
0.9513196349143982
0.6626181602478027
0.9999648332595825
0.998721182346344
0.9999868869781494
0.6581622362136841
0.9994900226593018
0.9999966621398926
0.9999662637710571
0.9753350615501404
0.9985163807868958
0.9995031356811523
0.9999958276748657
0.9999508857727051
0.9602314829826355
0.9933985471725464
0.958139181137085
0.9987567663192749
0.999367892742157
0.9864984750747681
0.931246817111969
0.9900740385055542
0.9406803250312805
0.9999562501907349
0.6737110614776611
0.9994310736656189
0.999991774559021
0.9984293580055237
0.8112334609031677
0.9980547428131104
0.9995576739311218
0.9999589920043945
0.9997925162315369
0.7185245752334595
0.7927080392837524
0.998190701007843
0.9999983310699463
0.9998348951339722
0.9841181039810181
0.5356263518333435
0.9999673366546631
0.999884843826294
0.9999985694885254
0.9999998807907104
0.966763973236084
1.0
0.895976722240448
0.9969959259033203
0.9972483515739441
0.9980449676513672
0.9999995231628418
0.974235475063324
0.8454981446266174
0.9383921027183533
0.9999305009841919
0.9999814033508301
0.9999982118606567
0.9746845364570618
0.9999620914459229
0.9957035183906555
0.9999428987503052
0.9996633529663086
0.999995231628418
0.9983539581298828
0.9997873902320862
0.8990564942359924
0.9999359846115112
0.9991078972816467
0.9999992847442627
0.9979795813560486
0.9713602662086487
0.9999969005584717
0.9999997615814209
0.9999415874481201
0.988831639289856
1.0
0.9639755487442017
0.9999821186065674
0.9749290347099304
0.9994138479232788
0.9999010562896729
0.9994879961013794
0.9996646642684937
0.9999281167984009
0.999991774559021
0.9995911717414856
0.584332287311554
0.7462355494499207
0.9993715882301331
0.9156661629676819
0.9504903554916382
0.9500999450683594
0.7640408277511597
0.9999959468841553
0.8112025856971741
0.9999364614486694
0.753085196018219
0.9999990463256836
0.999819815158844
0.9986851811408997
0.9943101406097412
0.9998098015785217
0.9999510049819946
0.9762078523635864
0.9999780654907227
0.8973140120506287
0.8731061816215515
0.9503124952316284
0.9996383190155029
0.9951034784317017
0.9819381237030029
0.9991511106491089
0.981992244720459
0.5193232297897339
0.9957717061042786
0.8750507235527039
0.9993147850036621
0.999998927116394
0.9280397891998291
0.9875659942626953
0.9994853734970093
0.9994507431983948
0.9058462977409363
0.9979896545410156
0.9939016103744507
0.999883770942688
0.9942864775657654
0.811613917350769
0.9218108654022217
